0.431323
0.462545
0.443672
0.687978
0.324601
0.538143
0.290171
0.708915
0.766726
0.833382
0.134857
0.680967
0.462545
0.845248
0.089877
0.614310
0.753315
0.039021
0.475349
0.494871
0.652832
0.285477
0.064449
0.862416
0.294921
0.827331
0.645787
0.314483
0.680967
0.967432
0.294921
0.206953
0.833382
0.468925
0.314483
0.746548
0.037386
0.186038
0.967432
0.833382
0.786488
0.551785
0.896552
0.521438
0.064449
0.243777
0.645787
0.392713
0.020293
0.851058
0.964698
0.786488
0.645787
0.673945
0.779952
0.659874
0.008270
0.260777
0.173082
0.065784
0.456208
0.468925
0.739743
0.845248
0.063825
0.000362
0.680967
0.773363
0.431323
0.233700
0.142680
0.047704
0.243777
0.827331
0.431323
0.579380
0.364388
0.773363
0.462545
0.766726
0.687978
0.140030
0.726032
0.488323
0.600293
0.739743
0.915418
0.958842
0.501457
0.792968
0.137423
0.245964
0.027928
0.000750
0.000022
0.906211
0.247945
0.652832
0.265165
0.766726
0.177934
0.928349
0.299727
0.739743
0.021216
0.796018
0.148107
0.732903
0.314483
0.260777
0.126262
0.181174
0.274108
0.494871
0.572447
0.906211
0.086372
0.005116
0.223749
0.833382
0.165451
0.773363
0.862416
0.680967
0.235604
0.896552
0.521438
0.924159
0.910872
0.779952
0.652832
0.712205
0.000192
0.000607
0.398537
0.106169
0.153709
0.501457
0.260777
0.551785
0.878757
0.607295
0.766726
0.189398
0.514742
0.398537
0.494871
0.827331
