		  NONPERIODIC TEMPLATES TEST
-------------------------------------------------------------------------------------
		  COMPUTATIONAL INFORMATION
-------------------------------------------------------------------------------------
	LAMBDA = 2.425781	M = 1250	N = 8	m = 9	n = 10001
-------------------------------------------------------------------------------------
		F R E Q U E N C Y
Template   W_1  W_2  W_3  W_4  W_5  W_6  W_7  W_8    Chi^2   P_value Assignment Index
-------------------------------------------------------------------------------------
000000001    5    3    5    4    3    3    1    2  8.022006 0.431323 SUCCESS   0
000000011    4    3    5    3    2    0    3    1  7.707565 0.462545 SUCCESS   1
000000101    5    2    3    4    2    5    1    2  7.896229 0.443672 SUCCESS   2
000000111    1    2    2    1    2    0    4    3  5.635568 0.687978 SUCCESS   3
000001001    3    5    3    1    0    1    1    4  9.213569 0.324601 SUCCESS   4
000001011    4    3    1    4    2    3    1    5  6.986007 0.538143 SUCCESS   5
000001101    6    4    1    1    3    3    3    4  9.653786 0.290171 SUCCESS   6
000001111    3    1    2    1    2    0    2    1  5.446904 0.708915 SUCCESS   7
000010001    2    4    1    2    4    1    2    1  4.914011 0.766726 SUCCESS   8
000010011    2    4    2    3    3    1    1    4  4.255341 0.833382 SUCCESS   9
000010101    5    3    5    3    0    3    5    4 12.384453 0.134857 SUCCESS  10
000010111    3    3    2    2    1    1    0    4  5.698457 0.680967 SUCCESS  11
000011001    1    0    3    5    3    2    3    4  7.707565 0.462545 SUCCESS  12
000011011    4    2    2    0    3    2    3    2  4.129564 0.845248 SUCCESS  13
000011101    2    1    1    5    4    0    6    3 13.701792 0.089877 SUCCESS  14
000011111    1    1    2    0    3    1    1    3  6.294238 0.614310 SUCCESS  15
000100011    4    3    1    3    4    1    2    1  5.039787 0.753315 SUCCESS  16
000100101    1    5    1    1    0    6    5    3 16.243795 0.039021 SUCCESS  17
000100111    2    5    4    3    1    2    0    2  7.581789 0.475349 SUCCESS  18
000101001    0    3    3    3    4    2    0    1  7.393125 0.494871 SUCCESS  19
000101011    1    4    4    1    2    1    4    3  5.950009 0.652832 SUCCESS  20
000101101    4    4    0    5    2    4    4    3  9.716674 0.285477 SUCCESS  21
000101111    5    3    1    3    2    5    0    6 14.737791 0.064449 SUCCESS  22
000110011    3    0    2    2    3    1    2    2  3.940900 0.862416 SUCCESS  23
000110101    6    1    2    1    3    4    4    3  9.590898 0.294921 SUCCESS  24
000110111    4    2    2    2    1    2    4    4  4.318229 0.827331 SUCCESS  25
000111001    1    4    3    2    1    3    2    5  6.012897 0.645787 SUCCESS  26
000111011    3    0    2    3    5    0    3    4  9.339345 0.314483 SUCCESS  27
000111101    4    3    0    2    1    1    2    3  5.698457 0.680967 SUCCESS  28
000111111    1    1    2    2    2    3    3    3  2.372008 0.967432 SUCCESS  29
001000011    1    1    4    3    6    2    3    4  9.590898 0.294921 SUCCESS  30
001000101    0    1    2    6    4    1    2    2 10.908238 0.206953 SUCCESS  31
001000111    5    1    2    3    2    2    3    2  4.255341 0.833382 SUCCESS  32
001001011    0    2    2    1    3    5    4    3  7.644677 0.468925 SUCCESS  33
001001101    1    4    5    0    1    4    2    3  9.339345 0.314483 SUCCESS  34
001001111    2    3    4    2    3    4    0    2  5.102675 0.746548 SUCCESS  35
001010011    2    7    2    3    6    1    2    1 16.369571 0.037386 SUCCESS  36
001010101    2    3    1    7    2    4    3    2 11.285566 0.186038 SUCCESS  37
001010111    1    3    3    2    2    3    2    1  2.372008 0.967432 SUCCESS  38
001011011    2    2    0    3    3    3    3    4  4.255341 0.833382 SUCCESS  39
001011101    1    2    2    4    1    1    1    2  4.725346 0.786488 SUCCESS  40
001011111    3    4    1    3    0    4    2    4  6.860231 0.551785 SUCCESS  41
001100101    3    2    4    4    1    3    2    3  3.533783 0.896552 SUCCESS  42
001100111    1    1    0    2    4    1    2    1  7.141573 0.521438 SUCCESS  43
001101011    3    1    6    0    5    3    2    5 14.737791 0.064449 SUCCESS  44
001101101    6    4    4    2    2    2    2    0 10.312456 0.243777 SUCCESS  45
001101111    2    3    5    1    1    2    3    4  6.012897 0.645787 SUCCESS  46
001110101    2    1    5    4    4    1    1    1  8.429123 0.392713 SUCCESS  47
001110111    4    2    2    4    8    0    2    3 18.127127 0.020293 SUCCESS  48
001111011    2    4    2    2    2    3    2    0  4.066676 0.851058 SUCCESS  49
001111101    1    4    2    2    2    3    2    2  2.434896 0.964698 SUCCESS  50
001111111    1    1    1    1    1    3    3    3  4.725346 0.786488 SUCCESS  51
010000011    2    1    3    5    1    4    3    2  6.012897 0.645787 SUCCESS  52
010000111    1    1    4    3    2    1    4    1  5.761345 0.673945 SUCCESS  53
010001011    3    2    0    2    3    3    1    1  4.788234 0.779952 SUCCESS  54
010001111    5    1    1    3    1    2    3    3  5.887121 0.659874 SUCCESS  55
010010011    1    2    7    2    1    7    3    1 20.606242 0.008270 FAILURE  56
010010111    2    2    1    1    0    6    3    3 10.060903 0.260777 SUCCESS  57
010011011    4    5    5    2    2    5    4    1 11.537118 0.173082 SUCCESS  58
010011111    2    6    4    2    2    6    0    2 14.674903 0.065784 SUCCESS  59
010100011    5    3    3    3    0    3    4    1  7.770453 0.456208 SUCCESS  60
010100111    3    5    2    1    4    2    3    0  7.644677 0.468925 SUCCESS  61
010101011    1    4    1    4    3    4    2    2  5.165563 0.739743 SUCCESS  62
010101111    1    3    3    2    1    4    3    1  4.129564 0.845248 SUCCESS  63
010110011    0    1    0    4    5    0    2    0 14.767580 0.063825 SUCCESS  64
010110111    2    6    4    0    3    4    3    9 28.672465 0.000362 FAILURE  65
010111011    3    1    4    3    2    0    1    2  5.698457 0.680967 SUCCESS  66
010111111    2    0    2    3    4    2    2    1  4.851122 0.773363 SUCCESS  67
011000111    1    3    5    4    3    3    2    5  8.022006 0.431323 SUCCESS  68
011001111    1    3    0    0    4    2    1    0 10.468021 0.233700 SUCCESS  69
011010111    6    1    5    2    4    2    1    4 12.195788 0.142680 SUCCESS  70
011011111    2    5    3    0    3    4    7    2 15.648013 0.047704 SUCCESS  71
011101111    5    2    1    2    5    0    3    4 10.312456 0.243777 SUCCESS  72
011111111    1    3    3    2    2    3    5    2  4.318229 0.827331 SUCCESS  73
100000000    5    3    5    4    3    3    1    2  8.022006 0.431323 SUCCESS  74
100010000    1    2    4    1    4    0    2    3  6.608679 0.579380 SUCCESS  75
100100000    2    2    4    2    1    6    4    3  8.743564 0.364388 SUCCESS  76
100101000    4    1    2    2    0    3    2    2  4.851122 0.773363 SUCCESS  77
100110000    1    5    2    2    3    1    2    5  7.707565 0.462545 SUCCESS  78
100111000    3    3    4    2    1    0    2    2  4.914011 0.766726 SUCCESS  79
101000000    4    3    2    1    0    2    2    1  5.635568 0.687978 SUCCESS  80
101000100    1    4    5    3    1    2    6    4 12.258676 0.140030 SUCCESS  81
101001000    1    2    3    4    2    3    3    5  5.291339 0.726032 SUCCESS  82
101001100    1    5    3    1    3    0    2    2  7.456013 0.488323 SUCCESS  83
101010000    3    1    1    2    2    0    4    1  6.420015 0.600293 SUCCESS  84
101010100    3    5    3    3    3    2    1    1  5.165563 0.739743 SUCCESS  85
101011000    1    1    3    2    4    2    3    2  3.282230 0.915418 SUCCESS  86
101011100    3    3    2    4    1    2    2    3  2.560672 0.958842 SUCCESS  87
101100000    4    0    1    2    4    2    1    1  7.330237 0.501457 SUCCESS  88
101100100    1    2    2    1    2    2    0    3  4.662458 0.792968 SUCCESS  89
101101000    4    2    2    7    2    2    4    4 12.321564 0.137423 SUCCESS  90
101101100    2    0    0    0    1    3    1    1 10.279357 0.245964 SUCCESS  91
101110000    4    2    4    1    0    1    6    6 17.216905 0.027928 SUCCESS  92
101110100    8    2    3    5    2    7    1    1 26.852021 0.000750 FAILURE  93
101111000    3    5    3    1    3    3    3   11 35.514027 0.000022 FAILURE  94
101111100    3    4    1    2    1    3    3    3  3.408006 0.906211 SUCCESS  95
110000000    5    1    5    3    4    1    1    1 10.249568 0.247945 SUCCESS  96
110000010    1    3    5    2    1    2    2    4  5.950009 0.652832 SUCCESS  97
110000100    0    2    2    1    6    1    3    2  9.998015 0.265165 SUCCESS  98
110001000    1    2    2    3    4    0    3    2  4.914011 0.766726 SUCCESS  99
110001010    0    4    0    0    3    1    4    1 11.441131 0.177934 SUCCESS 100
110010000    1    3    1    1    2    2    3    2  3.093566 0.928349 SUCCESS 101
110010010    0    2    3    4    3    6    2    3  9.528010 0.299727 SUCCESS 102
110010100    3    3    2    3    0    4    2    4  5.165563 0.739743 SUCCESS 103
110011000    2    5    2    1    8    1    2    2 18.001351 0.021216 SUCCESS 104
110011010    4    3    4    2    4    4    3    2  4.632669 0.796018 SUCCESS 105
110100000    3    4    2    7    1    1    2    3 12.070012 0.148107 SUCCESS 106
110100010    1    4    2    2    3    2    5    3  5.228451 0.732903 SUCCESS 107
110100100    0    0    2    2    4    4    4    4  9.339345 0.314483 SUCCESS 108
110101000    4    1    1    2    1    2    6    1 10.060903 0.260777 SUCCESS 109
110101010    2    6    3    0    4    2    0    1 12.602906 0.126262 SUCCESS 110
110101100    0    0    2    2    5    1    2    0 11.378243 0.181174 SUCCESS 111
110110000    5    0    0    2    1    3    3    1  9.872239 0.274108 SUCCESS 112
110110010    1    4    1    1    2    3    0    4  7.393125 0.494871 SUCCESS 113
110110100    1    1    2    3    3    0    4    4  6.671567 0.572447 SUCCESS 114
110111000    3    3    2    3    1    1    4    3  3.408006 0.906211 SUCCESS 115
110111010    7    1    2    5    2    1    3    3 13.827568 0.086372 SUCCESS 116
110111100    0    6    4    3    4    5    2    7 21.893792 0.005116 FAILURE 117
111000000    6    4    5    3    2    1    3    3 10.626896 0.223749 SUCCESS 118
111000010    1    3    5    3    2    2    2    2  4.255341 0.833382 SUCCESS 119
111000100    0    1    3    1    1    5    1    5 11.692684 0.165451 SUCCESS 120
111000110    1    1    3    2    1    3    4    1  4.851122 0.773363 SUCCESS 121
111001000    2    2    2    0    2    3    3    1  3.940900 0.862416 SUCCESS 122
111001010    2    2    0    4    1    3    1    3  5.698457 0.680967 SUCCESS 123
111001100    2    7    3    2    3    3    3    1 10.438232 0.235604 SUCCESS 124
111010000    4    3    3    4    3    1    2    2  3.533783 0.896552 SUCCESS 125
111010010    3    2    0    1    0    3    2    1  7.141573 0.521438 SUCCESS 126
111010100    1    1    2    2    2    2    4    2  3.156454 0.924159 SUCCESS 127
111010110    2    1    2    4    2    4    2    2  3.345118 0.910872 SUCCESS 128
111011000    4    2    2    3    1    1    1    1  4.788234 0.779952 SUCCESS 129
111011010    1    1    3    2    4    1    4    4  5.950009 0.652832 SUCCESS 130
111011100    2    2    4    5    3    2    4    3  5.417115 0.712205 SUCCESS 131
111100000    7    5    6    1    2    1    0    7 30.241358 0.000192 FAILURE 132
111100010    0    2    2    0    2    5    4    9 27.384915 0.000607 FAILURE 133
111100100    2    1    2    1    3    6    1    2  8.366235 0.398537 SUCCESS 134
111100110    2    7    2    4    3    5    2    2 13.168899 0.106169 SUCCESS 135
111101000    1    6    2    3    4    0    1    4 11.944236 0.153709 SUCCESS 136
111101010    0    4    1    0    2    2    3    3  7.330237 0.501457 SUCCESS 137
111101100    3    5    3    1    4    0    0    2 10.060903 0.260777 SUCCESS 138
111101110    3    2    3    2    1    2    6    2  6.860231 0.551785 SUCCESS 139
111110000    2    2    2    1    1    1    1    2  3.752236 0.878757 SUCCESS 140
111110010    2    1    1    0    1    4    2    2  6.357126 0.607295 SUCCESS 141
111110100    2    3    3    4    2    1    2    0  4.914011 0.766726 SUCCESS 142
111110110    2    2    4    1    7    2    2    3 11.222678 0.189398 SUCCESS 143
111111000    0    1    3    1    1    2    1    4  7.204461 0.514742 SUCCESS 144
111111010    1    5    2    4    2    3    1    0  8.366235 0.398537 SUCCESS 145
111111100    2    1    2    0    1    2    5    3  7.393125 0.494871 SUCCESS 146
111111110    1    3    3    2    2    3    5    2  4.318229 0.827331 SUCCESS 147

