0.915582
0.876033
0.007362
0.200545
0.130534
0.397553
0.487682
0.762652
0.234833
0.597499
0.551175
0.516985
0.998404
0.429528
0.695058
0.107398
0.241197
0.847742
0.482679
0.107835
0.692105
0.406539
0.134654
0.761128
0.589197
0.480188
0.727840
0.869731
0.165137
0.700978
0.175099
0.610051
0.170687
0.590577
0.170063
0.852445
0.696537
0.714365
0.854013
0.771816
0.570035
0.233261
0.334044
0.233261
0.258476
0.790239
0.869731
0.852445
0.036798
0.010528
0.561915
0.958529
0.199843
0.661386
0.793321
0.995213
0.852445
0.403155
0.318279
0.944194
0.331051
0.378859
0.173198
0.126017
0.690630
0.417940
0.310583
0.156191
0.607252
0.784085
0.723339
0.461731
0.764177
0.966499
0.199843
0.151002
0.511824
0.996808
0.455667
0.485177
0.735363
0.177016
0.207669
0.555191
0.693581
0.325116
0.488937
0.882343
0.771816
0.869731
0.860294
0.759605
0.593341
0.389789
0.869731
0.368120
0.094524
0.040560
0.294639
0.977662
