0.868803
0.948782
0.212023
0.693142
0.098577
0.550854
0.556999
0.876031
0.015802
0.232884
0.049553
0.652959
0.274825
0.344560
0.383329
0.354010
0.727306
0.686381
0.569389
0.633231
0.255161
0.295498
0.883269
0.038947
0.825685
0.491297
0.398530
0.270812
0.007786
0.659591
0.699927
0.825685
0.868803
0.440804
0.679644
0.056296
0.304052
0.532620
0.424658
0.474129
0.174419
0.163062
0.165847
0.992678
0.358795
0.992678
0.659591
0.646355
0.430001
0.021781
0.897775
0.468480
0.247577
0.811422
0.118754
0.446263
0.825685
0.526611
0.446263
0.652959
0.270812
0.435383
0.978037
0.876031
0.563178
0.368488
0.251349
0.262906
0.388356
0.720427
0.474129
0.876031
0.330691
0.335274
0.934178
0.783087
0.897775
0.312769
0.508794
0.926884
0.569389
0.963403
0.189433
0.734207
0.639779
0.693142
0.963403
0.100462
0.613759
0.165847
0.514697
0.727306
0.520637
0.491297
0.202114
0.926884
0.626711
0.508794
0.811422
0.198887
