0.048822
0.749987
0.584648
0.811772
0.063564
0.981360
0.261393
0.864317
0.644067
0.650949
0.526209
0.086768
0.710802
0.538744
0.849111
0.743816
0.751467
0.884511
0.036394
0.667195
0.258390
0.199906
0.084808
0.441540
0.244466
0.614206
0.896542
0.488214
0.374502
0.407402
0.096318
0.173937
0.938982
0.398574
0.875356
0.027445
0.009561
0.605702
0.834710
0.696373
0.608535
0.117027
0.312392
0.143491
0.529162
0.246008
0.333066
0.084268
0.894200
0.774991
0.689070
0.560748
0.597923
0.055012
0.191762
0.031770
0.162215
0.834305
0.704712
0.794325
0.255992
0.608535
0.650118
0.112042
0.268979
0.308468
0.342273
0.769191
0.037435
0.673471
0.574240
0.073735
0.904224
0.946160
0.918072
0.183614
0.790083
0.631139
0.440391
0.813248
0.948873
0.647033
0.765267
0.101484
0.415032
0.070699
0.345499
0.225827
0.367342
0.768855
0.850864
0.930574
0.102156
0.753628
0.826664
0.086101
0.622489
0.206364
0.244327
0.586641
