0.926758
0.097830
0.624503
0.164282
0.532235
0.070216
0.265537
0.255558
0.349289
0.336145
0.642525
0.113511
0.799835
0.751695
0.400548
0.943923
0.980809
0.744389
0.871994
0.157022
0.982089
0.447940
0.459071
0.413721
0.053753
0.681160
0.544591
0.275655
0.780421
0.966067
0.892683
0.713957
0.900744
0.499152
0.109299
0.286058
0.885993
0.406903
0.198955
0.906141
0.577042
0.988125
0.718971
0.545051
0.056415
0.483497
0.635289
0.581603
0.266059
0.358609
0.998246
0.999738
0.343256
0.207405
0.863473
0.487664
0.260805
0.623318
0.696961
0.673708
0.376305
0.317198
0.132776
0.076784
0.790301
0.813143
0.027628
0.238856
0.835315
0.911085
0.411910
0.135120
0.703305
0.883899
0.003532
0.820778
0.489534
0.982431
0.917176
0.846467
0.765379
0.465925
0.278499
0.175752
0.943678
0.663876
0.114103
0.886080
0.209686
0.802519
0.460993
0.364447
0.121498
0.257953
0.654745
0.240991
0.810927
0.732312
0.557389
0.957235
