0.512776
0.427451
0.086448
0.349471
0.498930
0.253108
0.230395
0.031309
0.918146
0.992107
0.239199
0.854443
0.515361
0.405110
0.338623
0.313736
0.195302
0.036951
0.631139
0.213365
0.432602
0.930574
0.290569
0.682341
0.616927
0.649762
0.224059
0.915447
0.542296
0.516262
0.563416
0.737616
0.512102
0.453647
0.356769
0.014364
0.263829
0.948698
0.727916
0.508963
0.863192
0.864223
0.754423
0.416750
0.182394
0.212550
0.352014
0.738766
0.802948
0.661031
0.867854
0.028547
0.744045
0.206548
0.212926
0.524735
0.474997
0.295696
0.660794
0.008282
0.138154
0.105155
0.549768
0.776879
0.892259
0.029431
0.741179
0.442376
0.246992
0.596039
0.645135
0.993772
0.761101
0.219783
0.861025
0.819842
0.747362
0.481857
0.891750
0.306064
0.446362
0.504940
0.760649
0.876977
0.780090
0.405309
0.646440
0.257516
0.450049
0.961773
0.480656
0.820362
0.125712
0.445416
0.458111
0.851738
0.393275
0.467215
0.225171
0.508739
