0.946459
0.248475
0.318301
0.243211
0.934882
0.626043
0.073609
0.050098
0.094324
0.934551
0.658185
0.846663
0.653321
0.418269
0.724204
0.663165
0.907330
0.329223
0.341291
0.368936
0.210244
0.511317
0.408301
0.194602
0.040172
0.717573
0.781856
0.128687
0.786803
0.625450
0.998338
0.500818
0.002451
0.136934
0.466893
0.232404
0.460352
0.362773
0.868594
0.594863
0.361659
0.604522
0.455664
0.155903
0.993883
0.389183
0.145492
0.257153
0.397393
0.965044
0.023224
0.321115
0.220040
0.380217
0.438827
0.767063
0.007631
0.055827
0.794109
0.977003
0.473371
0.540805
0.393666
0.395821
0.617518
0.736810
0.903179
0.114140
0.180304
0.084609
0.002725
0.181677
0.361938
0.025312
0.588049
0.597805
0.313063
0.764255
0.711270
0.668616
0.693194
0.667195
0.573423
0.993235
0.546775
0.107702
0.973572
0.499374
0.390836
0.531438
0.123113
0.870528
0.729652
0.916351
0.369781
0.306230
0.902370
0.874269
0.708462
0.863661
