0.028779
0.024518
0.190041
0.923414
0.384442
0.225236
0.134477
0.635052
0.567715
0.159378
0.163978
0.196827
0.870620
0.872450
0.004958
0.383672
0.388600
0.647033
0.488434
0.427246
0.001574
0.542869
0.031332
0.456514
0.765042
0.555192
0.956281
0.928506
0.452375
0.928922
0.725249
0.050613
0.724901
0.704126
0.974825
0.982026
0.483716
0.537371
0.886861
0.921459
0.045429
0.502599
0.773322
0.834407
0.665299
0.485579
0.512551
0.702953
0.437578
0.845877
0.605466
0.863192
0.346219
0.281287
0.483388
0.147748
0.044500
0.611724
0.770309
0.193903
0.783509
0.834204
0.474238
0.988881
0.567018
0.317283
0.503378
0.093325
0.167450
0.491958
0.005914
0.664469
0.509859
0.040694
0.219205
0.549307
0.759972
0.128975
0.844793
0.030340
0.483607
0.472180
0.957024
0.279271
0.770421
0.066965
0.122087
0.564809
0.786584
0.343167
0.947408
0.087176
0.200682
0.132438
0.479565
0.976673
0.551266
0.577510
0.907725
0.896292
