0.269355
0.456940
0.157755
0.928645
0.522357
0.945500
0.325410
0.206425
0.284644
0.411106
0.780863
0.927600
0.533033
0.851253
0.354752
0.524735
0.459284
0.617518
0.937954
0.985686
0.823884
0.585938
0.269280
0.190785
0.559357
0.510756
0.867206
0.728842
0.164637
0.237623
0.744503
0.891155
0.537257
0.042406
0.928088
0.637898
0.691427
0.437578
0.278191
0.497155
0.091875
0.270108
0.313988
0.870253
0.631376
0.151495
0.827178
0.220105
0.420808
0.108728
0.414023
0.269204
0.932881
0.951958
0.869701
0.249042
0.467215
0.018711
0.297474
0.018718
0.560168
0.751240
0.831162
0.941387
0.131303
0.765604
0.988507
0.343615
0.234494
0.214120
0.283001
0.237213
0.900826
0.261982
0.289218
0.513225
0.285822
0.751809
0.203507
0.217032
0.958383
0.224582
0.096831
0.222107
0.493724
0.043651
0.565390
0.445521
0.933284
0.293445
0.621897
0.842815
0.085266
0.548156
0.554152
0.588284
0.836725
0.664706
0.031013
0.690131
