0.947585
0.904785
0.335704
0.195185
0.952239
0.260658
0.576225
0.595922
0.163473
0.619648
0.457792
0.396410
0.421623
0.919480
0.921750
0.836423
0.584297
0.971500
0.387825
0.472721
0.632799
0.876168
0.679505
0.937890
0.956707
0.145950
0.913011
0.721415
0.747705
0.447624
0.746905
0.868410
0.718622
0.466032
0.014985
0.942508
0.500040
0.319067
0.938534
0.876168
0.034948
0.381654
0.398082
0.491406
0.580433
0.169520
0.051386
0.949452
0.786912
0.567599
0.824194
0.131765
0.992895
0.348204
0.841126
0.619648
0.593334
0.922621
0.113954
0.721648
0.324978
0.933150
0.046276
0.922910
0.622134
0.551382
0.416143
0.140268
0.681632
0.798650
0.865997
0.707642
0.461635
0.877067
0.267553
0.539087
0.360641
0.269204
0.368842
0.443842
0.821815
0.123828
0.891580
0.261614
0.731503
0.159280
0.458218
0.156000
0.119052
0.050613
0.898530
0.473912
0.843607
0.823884
0.809446
0.972609
0.400449
0.504159
0.263607
0.406903
