0.242516
0.768632
0.317707
0.983494
0.584883
0.212363
0.387922
0.684940
0.129761
0.273746
0.216969
0.483388
0.853286
0.490525
0.159576
0.933284
0.719903
0.426221
0.688244
0.823368
0.075233
0.084381
0.204962
0.460352
0.051098
0.815560
0.570509
0.026354
0.189984
0.907330
0.764930
0.435604
0.683286
0.121694
0.048323
0.503824
0.970619
0.022736
0.335440
0.277267
0.032699
0.099527
0.128934
0.669564
0.976967
0.077386
0.221524
0.905265
0.768743
0.976004
0.450049
0.210866
0.045396
0.235647
0.547465
0.523716
0.356677
0.820674
0.216714
0.672051
0.277420
0.400745
0.573540
0.219013
0.905664
0.198599
0.685766
0.034419
0.657117
0.521452
0.970576
0.784938
0.921313
0.937307
0.469910
0.633747
0.545280
0.537143
0.666839
0.170145
0.638017
0.540003
0.305569
0.913623
0.048615
0.588870
0.003736
0.637542
0.184226
0.470450
0.556926
0.629598
0.716991
0.553805
0.324978
0.058685
0.884161
0.196533
0.600867
0.522923
