0.013926
0.158737
0.458644
0.017568
0.932679
0.465495
0.538058
0.195888
0.977727
0.999586
0.509523
0.494056
0.408601
0.428684
0.493945
0.947290
0.337648
0.851641
0.779648
0.126278
0.381654
0.354935
0.635289
0.802412
0.759294
0.644660
0.715708
0.857606
0.930848
0.226616
0.207590
0.271544
0.243908
0.818801
0.984799
0.311554
0.044137
0.414628
0.662335
0.293926
0.126724
0.140135
0.300481
0.739801
0.733697
0.744618
0.190327
0.919036
0.811244
0.493724
0.988881
0.567715
0.633154
0.211052
0.400449
0.679505
0.991460
0.848427
0.180030
0.788554
0.439869
0.093730
0.530186
0.020981
0.645253
0.206976
0.376496
0.823884
0.839231
0.577276
0.553459
0.746905
0.237213
0.655338
0.899517
0.478911
0.595922
0.022100
0.760875
0.209748
0.488653
0.811033
0.719437
0.916877
0.335087
0.976563
0.374976
0.035471
0.102290
0.902856
0.322399
0.348023
0.691781
0.770756
0.849891
0.807323
0.837026
0.297150
0.573074
0.294248
