0.314662
0.484702
0.226024
0.600043
0.953902
0.695549
0.970830
0.997198
0.087147
0.359532
0.780642
0.878769
0.334911
0.844595
0.925131
0.691074
0.102864
0.020934
0.354935
0.622134
0.413318
0.239681
0.328440
0.512327
0.069307
0.401537
0.847742
0.550920
0.124466
0.570975
0.804231
0.124227
0.830755
0.228201
0.917550
0.614916
0.405010
0.014425
0.547925
0.613261
0.719903
0.925486
0.359994
0.539316
0.103714
0.703539
0.888587
0.676667
0.141247
0.317452
0.632561
0.650830
0.457259
0.167347
0.200742
0.461528
0.834103
0.226024
0.667313
0.120912
0.989805
0.839630
0.291765
0.479674
0.908119
0.784168
0.201640
0.267778
0.559936
0.337736
0.317368
0.376401
0.087998
0.035703
0.304579
0.160220
0.243768
0.894704
0.585351
0.266955
0.378783
0.541034
0.041312
0.154791
0.883460
0.245797
0.975967
0.960527
0.744389
0.265910
0.239268
0.762567
0.829735
0.608417
0.585938
0.175591
0.884511
0.660201
0.135722
0.432085
