0.382326
0.769303
0.206976
0.503490
0.865251
0.460352
0.499374
0.637186
0.727452
0.271468
0.808597
0.739111
0.110015
0.925982
0.467538
0.019715
0.051841
0.798758
0.133200
0.346850
0.390933
0.811244
0.920656
0.104810
0.049151
0.800480
0.242793
0.016361
0.907725
0.589457
0.290888
0.573657
0.481748
0.325755
0.604640
0.745304
0.252534
0.543213
0.320090
0.441435
0.733928
0.850475
0.635052
0.416446
0.930232
0.796599
0.695784
0.613379
0.823265
0.626043
0.989293
0.194020
0.545740
0.450472
0.909139
0.884511
0.834002
0.976710
0.940128
0.355027
0.704243
0.197889
0.159280
0.783509
0.149004
0.771873
0.917326
0.598865
0.013230
0.314662
0.708930
0.451952
0.368091
0.422642
0.012954
0.075054
0.589575
0.239406
0.559241
0.189812
0.461207
0.466570
0.139914
0.497155
0.802090
0.204962
0.132354
0.860836
0.830041
0.171664
0.309800
0.453117
0.428890
0.820362
0.521000
0.005467
0.183669
0.891835
0.259339
0.138329
