0.919258
0.694254
0.035240
0.317452
0.558894
0.260145
0.493614
0.175163
0.062973
0.260805
0.506391
0.083561
0.429199
0.571791
0.086739
0.465280
0.599925
0.296665
0.425811
0.932746
0.638610
0.786035
0.095808
0.970108
0.609243
0.870161
0.606174
0.359255
0.585234
0.384732
0.089364
0.670393
0.976452
0.889875
0.303345
0.956335
0.211177
0.589340
0.932207
0.877247
0.879036
0.786693
0.023008
0.134306
0.956600
0.918592
0.990573
0.184393
0.564461
0.562835
0.260805
0.261393
0.448151
0.301052
0.024067
0.232875
0.164790
0.922259
0.706471
0.320602
0.763805
0.521565
0.484373
0.480656
0.256935
0.230596
0.142950
0.616690
0.641694
0.742555
0.213680
0.961624
0.674418
0.708462
0.090839
0.073359
0.649643
0.493061
0.903098
0.741638
0.985983
0.145355
0.830245
0.680096
0.562023
0.014889
0.128522
0.462170
0.624266
0.679505
0.500818
0.849794
0.481748
0.348023
0.879393
0.540920
0.388019
0.094764
0.069330
0.410705
