0.647271
0.010854
0.614916
0.819322
0.991499
0.888931
0.455876
0.136890
0.041624
0.453435
0.827280
0.482622
0.307555
0.062951
0.645135
0.533261
0.356953
0.840130
0.913165
0.478040
0.659252
0.454708
0.339066
0.904866
0.183892
0.926053
0.579965
0.652728
0.250392
0.828305
0.192455
0.444576
0.163827
0.624147
0.253971
0.821815
0.321713
0.668853
0.726873
0.126156
0.791282
0.967252
0.485359
0.023642
0.098675
0.524395
0.303674
0.692723
0.087059
0.400844
0.475105
0.983314
0.945861
0.223016
0.837026
0.361011
0.579029
0.904545
0.499374
0.387922
0.801661
0.763130
0.363609
0.807535
0.921095
0.763580
0.177853
0.690484
0.957182
0.734505
0.829021
0.522244
0.278885
0.660557
0.235511
0.866741
0.955263
0.976340
0.917774
0.904305
0.153398
0.032878
0.380695
0.510644
0.016281
0.057852
0.742899
0.153446
0.222432
0.256935
0.334647
0.749645
0.908669
0.707759
0.905504
0.017588
0.260585
0.559241
0.076497
0.102560
