0.642050
0.006927
0.668735
0.387050
0.129969
0.917550
0.780532
0.271165
0.526096
0.925486
0.595098
0.499041
0.371948
0.478584
0.755785
0.682814
0.674300
0.857319
0.215762
0.885732
0.408201
0.823161
0.169624
0.483826
0.357413
0.180523
0.235987
0.824400
0.952462
0.707525
0.177151
0.020263
0.979981
0.914005
0.421215
0.654982
0.478040
0.949798
0.337029
0.893948
0.730115
0.308884
0.187030
0.027405
0.037354
0.707057
0.407802
0.104983
0.515924
0.127784
0.920582
0.013144
0.135765
0.380504
0.295454
0.633984
0.930984
0.420910
0.154021
0.963766
0.818697
0.471423
0.685176
0.890217
0.394155
0.286451
0.728611
0.498042
0.855212
0.189926
0.367342
0.579029
0.444367
0.044563
0.268828
0.907646
0.653440
0.078897
0.051914
0.490194
0.049412
0.566552
0.442586
0.465280
0.700487
0.151164
0.853575
0.578211
0.714424
0.887207
0.966159
0.921750
0.547350
0.959463
0.115707
0.332365
0.433325
0.458858
0.751126
0.257953
