0.309217
0.496047
0.899845
0.090024
0.556695
0.017708
0.098480
0.256137
0.590162
0.485908
0.304744
0.216714
0.994647
0.337205
0.768967
0.514686
0.960275
0.024546
0.279658
0.019991
0.582305
0.935147
0.537143
0.490525
0.934485
0.947644
0.851738
0.367155
0.799512
0.554614
0.742211
0.438202
0.464099
0.759520
0.330355
0.599100
0.532463
0.234359
0.310050
0.550344
0.762341
0.826767
0.388116
0.187765
0.234494
0.518291
0.476843
0.556348
0.012576
0.496601
0.819009
0.909998
0.827998
0.838330
0.942135
0.879393
0.654152
0.912551
0.098839
0.181622
0.221330
0.655575
0.836825
0.228931
0.672406
0.112738
0.005070
0.227870
0.351468
0.469371
0.936917
0.945981
0.028297
0.942198
0.302689
0.088708
0.778541
0.073208
0.803804
0.005445
0.423765
0.099068
0.352014
0.246781
0.826562
0.075850
0.419081
0.411608
0.631969
0.282923
0.520774
0.824710
0.610779
0.762228
0.601221
0.598747
0.539660
0.801339
0.701896
0.632680
