0.243489
0.826151
0.972446
0.569694
0.195712
0.016561
0.863098
0.139781
0.876887
0.742211
0.778984
0.441540
0.148398
0.498486
0.173672
0.101652
0.359163
0.378210
0.664113
0.810716
0.929751
0.414729
0.426221
0.334735
0.123470
0.178667
0.738421
0.062106
0.905425
0.894032
0.857415
0.956015
0.215066
0.638966
0.533033
0.274890
0.253755
0.568181
0.130135
0.759859
0.585938
0.905504
0.982462
0.071796
0.358794
0.626754
0.527685
0.524169
0.786803
0.644542
0.859604
0.578795
0.226419
0.849891
0.397491
0.646677
0.771426
0.852512
0.537600
0.719554
0.988881
0.020293
0.884074
0.570509
0.096895
0.675957
0.249681
0.568763
0.861780
0.548501
0.498597
0.674300
0.855596
0.854346
0.877695
0.419081
0.839431
0.726873
0.540920
0.792153
0.597687
0.847252
0.308800
0.198303
0.584531
0.541264
0.302279
0.843706
0.655813
0.432912
0.310300
0.106579
0.156680
0.019686
0.247274
0.992236
0.417560
0.160319
0.391031
0.910698
