0.730693
0.098904
0.547005
0.557042
0.412714
0.205388
0.460459
0.640745
0.228400
0.357965
0.517163
0.656406
0.691309
0.360548
0.174736
0.711854
0.466893
0.708111
0.606646
0.219141
0.939046
0.801447
0.292564
0.263015
0.418168
0.112848
0.528480
0.562023
0.395036
0.331665
0.111097
0.715124
0.855884
0.236327
0.409602
0.461956
0.347933
0.570626
0.964004
0.250036
0.788663
0.422540
0.801983
0.014860
0.968633
0.641576
0.328093
0.849111
0.990656
0.224320
0.320090
0.015379
0.838731
0.744961
0.773433
0.374123
0.025023
0.605702
0.759746
0.939874
0.158147
0.021765
0.336322
0.428684
0.991673
0.145446
0.137238
0.693077
0.401438
0.528935
0.568646
0.721532
0.521000
0.667787
0.961575
0.812932
0.760649
0.461421
0.295454
0.833901
0.813880
0.197239
0.409001
0.126968
0.878858
0.588636
0.475540
0.835113
0.297879
0.628531
0.610425
0.910698
0.472288
0.122757
0.346850
0.182063
0.621779
0.755104
0.514686
0.026894
