0.807642
0.481420
0.077597
0.891665
0.582540
0.894704
0.809234
0.552305
0.970364
0.513787
0.074493
0.771426
0.008626
0.297555
0.450366
0.662335
0.513674
0.478476
0.846270
0.984799
0.241614
0.726873
0.029194
0.099166
0.261172
0.750214
0.505386
0.444891
0.219654
0.419995
0.950143
0.434982
0.981456
0.698960
0.294891
0.605938
0.066048
0.198243
0.351741
0.714658
0.955046
0.369123
0.621305
0.812616
0.966434
0.149050
0.723972
0.552882
0.235647
0.181567
0.600749
0.143899
0.801876
0.097184
0.371570
0.009185
0.457153
0.797140
0.656880
0.182008
0.411709
0.303428
0.262794
0.990406
0.799297
0.524395
0.270787
0.472613
0.581837
0.256499
0.428684
0.350196
0.162316
0.950828
0.597923
0.302935
0.984082
0.766951
0.517050
0.720834
0.944472
0.996455
0.146363
0.752605
0.846859
0.803804
0.153159
0.844398
0.850670
0.937242
0.076368
0.711854
0.970998
0.368842
0.103646
0.690131
0.465602
0.773211
0.151542
0.931461
