0.033910
0.700017
0.379643
0.965185
0.734389
0.674418
0.792588
0.139164
0.431362
0.007859
0.946101
0.288030
0.119052
0.334647
0.755785
0.978260
0.811139
0.546085
0.820985
0.452375
0.762679
0.205998
0.964479
0.558083
0.804338
0.728495
0.428479
0.239681
0.039428
0.740719
0.372325
0.895458
0.008023
0.488983
0.059986
0.813669
0.687536
0.049780
0.955209
0.293605
0.365939
0.516938
0.235987
0.870620
0.628650
0.762454
0.206731
0.585820
0.391420
0.239131
0.361104
0.370722
0.589457
0.415234
0.114586
0.942817
0.399560
0.038851
0.689187
0.762792
0.861119
0.861497
0.807854
0.095396
0.039343
0.919995
0.084922
0.934352
0.272529
0.396999
0.547120
0.987979
0.504159
0.757824
0.922621
0.569578
0.337029
0.919627
0.147331
0.274203
0.614679
0.222821
0.214246
0.896791
0.193323
0.251318
0.542869
0.067636
0.659252
0.233616
0.623318
0.566320
0.440600
0.467646
0.267628
0.316351
0.607118
0.233886
0.713256
0.457046
