0.425606
0.787022
0.939238
0.556926
0.807216
0.316097
0.010696
0.297960
0.803162
0.240025
0.075130
0.873361
0.181622
0.470558
0.274051
0.618346
0.448783
0.773545
0.345050
0.676430
0.347210
0.716291
0.585117
0.185064
0.283079
0.331315
0.219654
0.494277
0.495936
0.437786
0.165146
0.772876
0.883811
0.956918
0.055166
0.336410
0.881080
0.666484
0.385021
0.643237
0.944715
0.356402
0.775213
0.226748
0.937631
0.061165
0.615625
0.785048
0.164080
0.287872
0.558662
0.567832
0.880992
0.626161
0.053715
0.426426
0.881699
0.508627
0.123430
0.918146
0.800480
0.009886
0.235104
0.658185
0.896125
0.626517
0.005777
0.300971
0.589575
0.566204
0.246008
0.056179
0.899517
0.466140
0.851058
0.339422
0.868964
0.544361
0.009391
0.571441
0.004354
0.111206
0.547350
0.584297
0.893948
0.939429
0.124707
0.763693
0.220556
0.481748
0.124667
0.732889
0.688834
0.615862
0.108515
0.394253
0.138242
0.464850
0.246148
0.009043
