0.358702
0.689541
0.429096
0.452693
0.520096
0.255847
0.642287
0.906538
0.957915
0.774880
0.953462
0.208266
0.267853
0.174044
0.557157
0.960225
0.381750
0.192744
0.480983
0.369499
0.167914
0.259559
0.820570
0.491517
0.934086
0.050703
0.214940
0.789646
0.337648
0.930779
0.865718
0.111642
0.893105
0.182671
0.228665
0.031298
0.570160
0.438410
0.922838
0.923630
0.114772
0.792044
0.613497
0.542984
0.477061
0.962850
0.976747
0.166833
0.630783
0.137238
0.867484
0.445101
0.101451
0.857415
0.988197
0.675010
0.649406
0.642643
0.683523
0.895708
0.405508
0.144125
0.938662
0.734389
0.910698
0.243559
0.023502
0.217733
0.485250
0.097571
0.263533
0.640745
0.932679
0.469478
0.947997
0.478911
0.563416
0.873088
0.278962
0.531210
0.829225
0.276345
0.742211
0.916577
0.902613
0.885993
0.563300
0.534630
0.763693
0.707408
0.290171
0.437266
0.466247
0.273822
0.975666
0.181291
0.556232
0.620832
0.804338
0.260805
