0.055205
0.808491
0.833901
0.409101
0.737731
0.987235
0.560516
0.913776
0.038295
0.088560
0.126968
0.418675
0.563764
0.962752
0.301706
0.241960
0.778431
0.835416
0.215446
0.354203
0.933752
0.243768
0.302935
0.038006
0.983965
0.331140
0.667550
0.781966
0.100121
0.422234
0.188729
0.787788
0.605584
0.668261
0.491186
0.958020
0.966297
0.289377
0.285586
0.760649
0.378496
0.117902
0.671696
0.394449
0.706588
0.053339
0.543328
0.574824
0.146639
0.983254
0.369311
0.826870
0.721299
0.808491
0.011780
0.432292
0.680096
0.534972
0.848818
0.842219
0.242793
0.582305
0.116083
0.756238
0.548731
0.957024
0.214561
0.130218
0.568996
0.614561
0.264274
0.211115
0.906141
0.601574
0.854539
0.470234
0.346039
0.195536
0.059136
0.781194
0.264868
0.004387
0.087030
0.750556
0.559241
0.095048
0.225302
0.610897
0.160966
0.812827
0.255124
0.130593
0.987411
0.444786
0.352378
0.769639
0.981231
0.414729
0.184170
0.387050
