0.383191
0.466140
0.282532
0.216079
0.198362
0.676430
0.839531
0.860078
0.726641
0.371193
0.480329
0.072685
0.036329
0.875084
0.032722
0.427554
0.417155
0.505944
0.638847
0.776768
0.970492
0.061527
0.232875
0.363423
0.493282
0.306560
0.715824
0.065075
0.518403
0.292404
0.690720
0.318812
0.070072
0.772096
0.395134
0.213303
0.394449
0.041535
0.071014
0.743243
0.548962
0.726177
0.312811
0.072909
0.741179
0.128071
0.378019
0.632206
0.574357
0.118975
0.475865
0.464528
0.420706
0.623318
0.960527
0.278268
0.724669
0.275273
0.827690
0.291286
0.887726
0.153398
0.879927
0.117255
0.883373
0.610779
0.242516
0.992363
0.069736
0.570742
0.820985
0.832381
0.669564
0.986980
0.370534
0.618938
0.322485
0.194136
0.617400
0.131387
0.709866
0.789100
0.874088
0.546545
0.615625
0.490525
0.295132
0.522583
0.258317
0.293605
0.610779
0.074468
0.875265
0.694725
0.160617
0.022142
0.500151
0.291765
0.298041
0.698607
