0.765604
0.711270
0.605702
0.602400
0.441853
0.066505
0.888759
0.079406
0.415537
0.590514
0.557620
0.723624
0.462384
0.564577
0.740145
0.802948
0.613261
0.183059
0.756578
0.913394
0.072388
0.004622
0.071136
0.249184
0.944228
0.871719
0.367716
0.444576
0.631732
0.199073
0.331840
0.081694
0.389280
0.629598
0.844891
0.651898
0.900254
0.798219
0.649643
0.144035
0.427041
0.954285
0.679387
0.213428
0.362216
0.449521
0.608181
0.991596
0.593569
0.255775
0.322570
0.803590
0.398574
0.277959
0.864971
0.853961
0.199727
0.574123
0.687418
0.701427
0.444157
0.041713
0.686828
0.962606
0.760198
0.760311
0.732889
0.470990
0.387631
0.295213
0.761101
0.873543
0.187143
0.566552
0.591219
0.237281
0.682105
0.668261
0.001638
0.163827
0.804018
0.185232
0.797464
0.217542
0.374786
0.102088
0.538515
0.789974
0.040651
0.424889
0.042134
0.305156
0.118860
0.317368
0.794000
0.695314
0.171192
0.947231
0.248475
0.006131
