0.645253
0.603107
0.551497
0.223798
0.922838
0.258609
0.000523
0.113880
0.512214
0.867762
0.489203
0.354935
0.323085
0.497598
0.805726
0.297717
0.118399
0.290489
0.516825
0.826356
0.064449
0.899106
0.893780
0.196298
0.730693
0.227738
0.967880
0.937631
0.044946
0.490415
0.131345
0.819634
0.009848
0.437058
0.054512
0.612197
0.206854
0.946638
0.437890
0.281365
0.868502
0.472396
0.503267
0.192628
0.475757
0.922331
0.218500
0.513225
0.365006
0.404413
0.180085
0.960427
0.694019
0.876077
0.885035
0.579146
0.381654
0.869793
0.382038
0.925912
0.061826
0.553343
0.869885
0.771761
0.894704
0.584179
0.587697
0.685766
0.919995
0.423867
0.279426
0.738306
0.857892
0.296584
0.800265
0.946756
0.117103
0.112189
0.874179
0.246922
0.548962
0.582657
0.125148
0.957182
0.024292
0.730115
0.186523
0.069188
0.143718
0.131975
0.394253
0.078683
0.275426
0.473046
0.962655
0.744389
0.436643
0.787679
0.420198
0.789646
