0.850183
0.769862
0.415739
0.394253
0.764255
0.614561
0.335087
0.755898
0.740145
0.787898
0.026451
0.087586
0.535772
0.479129
0.637424
0.706588
0.226616
0.169572
0.880548
0.569345
0.485579
0.160468
0.487225
0.769303
0.628650
0.334207
0.647271
0.197181
0.551036
0.631257
0.141783
0.303017
0.792697
0.386856
0.388309
0.216905
0.480765
0.678559
0.096318
0.837929
0.124267
0.743243
0.394742
0.351923
0.411307
0.596510
0.205205
0.040811
0.537257
0.654152
0.033591
0.103373
0.959105
0.686356
0.145996
0.142096
0.389863
0.099035
0.582422
0.593805
0.737385
0.356769
0.922259
0.307969
0.391128
0.253036
0.157510
0.480983
0.322399
0.217989
0.063586
0.402726
0.118476
0.676430
0.951902
0.674537
0.317707
0.383672
0.199311
0.749759
0.109084
0.662098
0.767399
0.765828
0.837127
0.072289
0.752378
0.924918
0.855692
0.826562
0.279426
0.439661
0.512102
0.546890
0.581369
0.068738
0.120678
0.028589
0.268453
0.693312
