0.105466
0.740030
0.452693
0.930848
0.331140
0.955800
0.483388
0.062668
0.918443
0.289139
0.809658
0.121302
0.451317
0.921823
0.496268
0.569112
0.507397
0.103714
0.192339
0.820674
0.890388
0.728031
0.581603
0.785706
0.213994
0.349108
0.402131
0.632324
0.550459
0.261393
0.797356
0.368936
0.655813
0.025804
0.202843
0.804765
0.095745
0.803804
0.674655
0.388309
0.156534
0.295454
0.543328
0.681987
0.612433
0.226616
0.291446
0.795734
0.556810
0.950771
0.807216
0.479674
0.856650
0.743702
0.820674
0.906538
0.750328
0.293766
0.101786
0.869609
0.618701
0.942384
0.299097
0.012106
0.345050
0.753401
0.366126
0.127212
0.896375
0.207651
0.995576
0.966113
0.332540
0.274967
0.468723
0.489424
0.137456
0.073937
0.388309
0.200145
0.434671
0.245727
0.180632
0.872906
0.897869
0.393177
0.874994
0.442586
0.766726
0.898365
0.754764
0.625924
0.132101
0.148398
0.389863
0.092860
0.807748
0.554152
0.006416
0.341826
