0.987610
0.454283
0.399264
0.684467
0.272681
0.776546
0.821608
0.438723
0.603697
0.026383
0.088560
0.016342
0.833395
0.514012
0.397294
0.875807
0.604286
0.956068
0.799942
0.081667
0.847056
0.307223
0.890473
0.088382
0.885471
0.821089
0.613379
0.043310
0.205144
0.003883
0.695549
0.796383
0.455239
0.989935
0.243141
0.891070
0.402329
0.651779
0.842319
0.916802
0.652372
0.854346
0.958383
0.721648
0.022167
0.747020
0.277267
0.160220
0.135335
0.120250
0.617873
0.391518
0.856076
0.092090
0.144625
0.685884
0.925557
0.153542
0.444891
0.283939
0.247133
0.215952
0.817444
0.596745
0.876348
0.271923
0.519419
0.288742
0.692723
0.025042
0.933685
0.039528
0.218436
0.781525
0.827588
0.658659
0.422336
0.257225
0.543902
0.508292
0.036276
0.242168
0.828509
0.955317
0.342094
0.942755
0.832178
0.713607
0.602164
0.870345
0.911858
0.506838
0.528821
0.634103
0.346129
0.292324
0.780753
0.563996
0.275579
0.772096
