0.209377
0.143718
0.670748
0.755671
0.700487
0.951902
0.975628
0.039927
0.988076
0.538058
0.312895
0.068291
0.084780
0.581603
0.391225
0.253036
0.578445
0.940696
0.491958
0.777988
0.990963
0.615507
0.134050
0.741179
0.917475
0.916952
0.608771
0.768632
0.290728
0.464850
0.301134
0.464206
0.797895
0.052761
0.129678
0.998482
0.272150
0.107878
0.823161
0.212801
0.935015
0.223407
0.741408
0.108267
0.883285
0.235511
0.775436
0.741638
0.275120
0.916877
0.843211
0.825534
0.328266
0.705064
0.298853
0.789974
0.835416
0.106859
0.120444
0.391420
0.824091
0.868687
0.193845
0.769750
0.290808
0.421521
0.917251
0.155080
0.684703
0.042817
0.228665
0.875807
0.864784
0.584179
0.582891
0.117712
0.816084
0.215636
0.532691
0.553690
0.087381
0.569578
0.278268
0.780974
0.022702
0.740605
0.454814
0.342541
0.984169
0.723275
0.788335
0.277267
0.643830
0.190098
0.428170
0.667313
0.401042
0.920948
0.108338
0.285036
