0.400153
0.110844
0.641101
0.400153
0.314241
0.122047
0.645847
0.386566
0.761552
0.095396
0.316436
0.585820
0.717457
0.506726
0.766165
0.396115
0.718971
0.641931
0.528480
0.098415
0.041061
0.595804
0.875717
0.723740
0.788991
0.009322
0.692723
0.019290
0.375071
0.043760
0.292884
0.595569
0.897123
0.664232
0.671340
0.566669
0.211613
0.887207
0.128522
0.581135
0.440078
0.393275
0.469478
0.206242
0.600632
0.266283
0.560748
0.855884
0.735312
0.616453
0.581837
0.348746
0.652610
0.450049
0.479129
0.901233
0.867484
0.820154
0.415234
0.391031
0.983374
0.279117
0.730115
0.024564
0.936461
0.540003
0.655931
0.547810
0.038767
0.999886
0.076238
0.827793
0.871445
0.188162
0.404314
0.336145
0.468400
0.069521
0.957445
0.192051
0.873452
0.193497
0.085725
0.777655
0.801339
0.568996
0.452269
0.064672
0.977003
0.411407
0.652847
0.078844
0.068998
0.700135
0.178939
0.675720
0.671577
0.597216
0.059591
0.188843
