0.887294
0.767399
0.475105
0.183003
0.174256
0.262867
0.670985
0.460566
0.242516
0.051008
0.995525
0.651423
0.661149
0.381654
0.366967
0.166935
0.902613
0.159280
0.021920
0.366687
0.713373
0.726409
0.795842
0.818697
0.804231
0.832686
0.412513
0.692488
0.447835
0.785157
0.007185
0.813774
0.467754
0.723275
0.446782
0.698372
0.324375
0.093108
0.370157
0.349743
0.045672
0.145355
0.214687
0.389571
0.731040
0.382422
0.222107
0.624858
0.428581
0.220814
0.320602
0.611488
0.838831
0.435916
0.606292
0.908197
0.088264
0.273746
0.241545
0.513450
0.281598
0.173353
0.367529
0.751809
0.103782
0.273898
0.445731
0.501931
0.460032
0.454602
0.638966
0.915749
0.944957
0.793674
0.755898
0.146317
0.605348
0.670630
0.913471
0.990172
0.510644
0.596039
0.790192
0.720252
0.856076
0.896791
0.207467
0.184226
0.709164
0.574007
0.738651
0.145629
0.603697
0.832280
0.938019
0.058705
0.256427
0.026432
0.085870
0.071209
