0.613379
0.056712
0.059778
0.786145
0.137456
0.914157
0.524962
0.508068
0.092059
0.329223
0.905265
0.297960
0.308884
0.431982
0.347301
0.042588
0.960878
0.329484
0.833598
0.438515
0.925841
0.358425
0.938276
0.718273
0.321799
0.558894
0.082609
0.436954
0.429404
0.278731
0.797032
0.539202
0.887294
0.523376
0.059986
0.250249
0.837227
0.484483
0.671696
0.669327
0.768184
0.074265
0.945500
0.879215
0.885471
0.252893
0.489974
0.639203
0.887985
0.645016
0.040797
0.619648
0.640626
0.910930
0.979542
0.141783
0.843211
0.560748
0.933015
0.406704
0.093450
0.962215
0.459818
0.431569
0.248051
0.635289
0.042194
0.794651
0.682459
0.702483
0.421521
0.249681
0.237555
0.292564
0.871994
0.883021
0.822333
0.337914
0.316520
0.853479
0.552305
0.503824
0.577159
0.022592
0.812616
0.655101
0.915598
0.723275
0.009171
0.328180
0.825534
0.433532
0.354020
0.458111
0.814720
0.123589
0.515924
0.587697
0.305239
0.277882
