0.773767
0.263237
0.203265
0.858273
0.601810
0.404413
0.447835
0.321885
0.029833
0.490855
0.367810
0.634222
0.875987
0.080353
0.683523
0.372325
0.752264
0.098480
0.063564
0.376305
0.577510
0.102526
0.633154
0.043527
0.312476
0.636356
0.220427
0.932544
0.466893
0.961476
0.134349
0.528708
0.708930
0.708813
0.250107
0.562023
0.650711
0.302771
0.604758
0.113363
0.075850
0.920436
0.405807
0.895792
0.304414
0.576108
0.971831
0.179975
0.549307
0.847644
0.316690
0.114400
0.864784
0.023103
0.459071
0.179429
0.863942
0.226682
0.227012
0.684822
0.198007
0.379165
0.849013
0.920656
0.509187
0.038130
0.022609
0.968369
0.634340
0.410404
0.310050
0.368185
0.840827
0.492289
0.882317
0.933752
0.207835
0.059487
0.694961
0.925557
0.261025
0.141514
0.897372
0.011748
0.608417
0.782077
0.517389
0.706002
0.999061
0.168845
0.094450
0.649169
0.685176
0.119360
0.869701
0.590514
0.229263
0.628531
0.749074
0.640982
