0.616927
0.879927
0.587697
0.117674
0.717573
0.661387
0.062170
0.196768
0.225040
0.127579
0.024409
0.504382
0.778541
0.573307
0.974748
0.115707
0.102156
0.910154
0.496490
0.914917
0.471855
0.242446
0.457472
0.689187
0.489534
0.702835
0.068197
0.956547
0.493393
0.844101
0.060932
0.539774
0.808704
0.536457
0.680923
0.668853
0.946399
0.257007
0.843409
0.310718
0.937177
0.242863
0.886774
0.612433
0.147748
0.623437
0.898859
0.206120
0.680450
0.230863
0.596745
0.260071
0.892090
0.901884
0.915144
0.224320
0.197004
0.108373
0.994038
0.889532
0.470126
0.982739
0.945921
0.998357
0.295696
0.549653
0.671459
0.180194
0.130176
0.187935
0.668616
0.432292
0.786035
0.564461
0.929475
0.087089
0.971333
0.644423
0.603225
0.101920
0.576341
0.716291
0.643118
0.185568
0.423458
0.714774
0.204537
0.783398
0.041983
0.551151
0.864504
0.298203
0.576341
0.399955
0.095554
0.043854
0.549998
0.159923
0.528253
0.050864
