0.394449
0.523376
0.186579
0.724901
0.443842
0.292644
0.364261
0.773656
0.056811
0.636593
0.430331
0.503490
0.572257
0.231264
0.697549
0.226748
0.801125
0.887812
0.989717
0.388019
0.616335
0.372798
0.327139
0.599218
0.634222
0.829327
0.775102
0.177151
0.647508
0.201940
0.935147
0.628650
0.869977
0.477061
0.195946
0.987660
0.847644
0.563996
0.015757
0.878322
0.178504
0.320004
0.761778
0.170250
0.196710
0.091814
0.021410
0.834103
0.974321
0.444891
0.458964
0.341648
0.342005
0.501041
0.598629
0.275962
0.432912
0.257589
0.204112
0.744503
0.394644
0.145904
0.166166
0.032026
0.687772
0.613261
0.212864
0.514574
0.325755
0.099923
0.895708
0.492730
0.099101
0.434568
0.982983
0.652254
0.109120
0.799620
0.408201
0.038935
0.602046
0.737616
0.657473
0.378019
0.519758
0.455132
0.955800
0.854154
0.827588
0.732312
0.123510
0.796708
0.414023
0.556579
0.832381
0.362773
0.674773
0.922548
0.095681
0.900418
