0.085065
0.712088
0.456408
0.812300
0.696843
0.099462
0.988672
0.009100
0.595922
0.857797
0.255486
0.760085
0.108090
0.198717
0.389280
0.460459
0.047039
0.315675
0.141380
0.568297
0.793131
0.660794
0.622489
0.148957
0.849599
0.103068
0.637305
0.973968
0.312560
0.328701
0.139561
0.166218
0.668972
0.241337
0.038254
0.509075
0.216524
0.028027
0.997483
0.422234
0.062820
0.246570
0.603107
0.804979
0.227144
0.659015
0.400943
0.190728
0.865158
0.566320
0.626043
0.539889
0.274356
0.151353
0.226616
0.476083
0.189128
0.698960
0.421826
0.848231
0.970108
0.110699
0.607945
0.257080
0.239268
0.524169
0.133624
0.336498
0.574007
0.321799
0.805406
0.008619
0.941512
0.359255
0.796599
0.771091
0.547810
0.111061
0.391031
0.145218
0.847546
0.546775
0.052097
0.673827
0.338978
0.717457
0.493172
0.253971
0.053564
0.363795
0.782848
0.460780
0.618465
0.228268
0.078470
0.397688
0.050133
0.767287
0.052373
0.785048
