0.719786
0.409903
0.390447
0.160220
0.196298
0.630309
0.327572
0.380695
0.768408
0.321542
0.085725
0.284722
0.187539
0.788663
0.289933
0.147841
0.521113
0.446887
0.044675
0.422132
0.807110
0.261393
0.342362
0.464099
0.175645
0.364074
0.536800
0.167914
0.805299
0.107667
0.811983
0.839730
0.288188
0.347842
0.076941
0.320090
0.166833
0.084098
0.833294
0.040782
0.868964
0.684349
0.447414
0.896542
0.766165
0.982678
0.947349
0.577159
0.227342
0.982800
0.737385
0.717107
0.306560
0.466032
0.530527
0.725249
0.329919
0.161815
0.728495
0.321628
0.658066
0.255992
0.148724
0.957811
0.998488
0.511204
0.145172
0.089573
0.524282
0.197593
0.544361
0.045429
0.314915
0.409602
0.715124
0.857510
0.960174
0.628057
0.788335
0.255920
0.364913
0.785706
0.747819
0.859509
0.795301
0.452375
0.150975
0.339688
0.755671
0.715241
0.837428
0.928506
0.769639
0.606882
0.441853
0.119669
0.130010
0.203386
0.957811
0.021084
