0.168275
0.389474
0.961426
0.663876
0.861591
0.558546
0.320090
0.230930
0.712088
0.328962
0.010210
0.543328
0.486895
0.879215
0.042270
0.195185
0.528935
0.634103
0.592982
0.315759
0.158639
0.256427
0.373365
0.758163
0.175110
0.483935
0.392786
0.635526
0.092953
0.302197
0.379643
0.999310
0.835718
0.942260
0.207774
0.720019
0.912474
0.753401
0.709749
0.998796
0.955747
0.392005
0.033812
0.842914
0.291446
0.233346
0.231398
0.020577
0.230195
0.307057
0.995884
0.427965
0.942260
0.047812
0.120172
0.245096
0.731965
0.379738
0.611724
0.239887
0.698725
0.859699
0.331665
0.367623
0.915371
0.266805
0.352196
0.245166
0.963140
0.495936
0.863848
0.473046
0.410705
0.025690
0.985219
0.549768
0.274890
0.793457
0.095872
0.318216
0.379547
0.822230
0.954667
0.870620
0.707876
0.432292
0.920436
0.687300
0.410705
0.999192
0.909217
0.912243
0.757484
0.000848
0.215319
0.398771
0.696843
0.410905
0.557389
0.111315
