0.909842
0.622371
0.114214
0.834204
0.706236
0.269957
0.117788
0.323773
0.598158
0.457579
0.617636
0.914538
0.260291
0.341558
0.779205
0.088294
0.174363
0.511990
0.407802
0.526777
0.830551
0.689777
0.604286
0.001528
0.115295
0.826151
0.180468
0.097345
0.841623
0.075054
0.810187
0.659489
0.331228
0.315421
0.877247
0.240715
0.118246
0.049693
0.501263
0.249610
0.032532
0.861780
0.721415
0.101284
0.785267
0.865811
0.879571
0.841723
0.745533
0.194485
0.385793
0.788007
0.082749
0.290728
0.920436
0.637898
0.848720
0.260952
0.328006
0.479565
0.030129
0.008714
0.462598
0.863567
0.306312
0.859889
0.815035
0.218436
0.406903
0.617281
0.079487
0.026015
0.020508
0.704595
0.075284
0.418573
0.202662
0.660438
0.588988
0.276345
0.837929
0.153350
0.867577
0.852609
0.835416
0.459818
0.690838
0.578912
0.467754
0.455876
0.211488
0.038781
0.329832
0.449099
0.490525
0.846761
0.141917
0.169572
0.936982
0.335792
