0.900499
0.244816
0.100917
0.418675
0.462170
0.221718
0.744503
0.875084
0.246852
0.380025
0.019575
0.479129
0.087059
0.301134
0.994718
0.956228
0.697314
0.821815
0.128893
0.359994
0.826254
0.351286
0.225696
0.649525
0.768072
0.310634
0.315506
0.175110
0.766614
0.922548
0.840130
0.171034
0.856650
0.000439
0.173089
0.513225
0.415739
0.324634
0.886254
0.787022
0.700722
0.452164
0.748504
0.002047
0.634814
0.164333
0.455239
0.443633
0.136717
0.654745
0.469155
0.966754
0.432188
0.074951
0.539202
0.671577
0.330966
0.499707
0.413822
0.739686
0.536114
0.808597
0.095523
0.641694
0.295052
0.116460
0.783619
0.571325
0.994488
0.425503
0.306809
0.574123
0.678677
0.156291
0.436746
0.575290
0.582188
0.241960
0.318047
0.601457
0.589223
0.488324
0.728495
0.655575
0.476191
0.653440
0.722810
0.445626
0.768296
0.807004
0.499818
0.259047
0.369405
0.050667
0.204537
0.092552
0.800588
0.227408
0.246359
0.254403
