0.482294
0.967297
0.857606
0.070844
0.813248
0.515474
0.032651
0.119746
0.505833
0.268153
0.400943
0.162567
0.361845
0.454708
0.643711
0.489314
0.217351
0.557620
0.882493
0.867484
0.036513
0.046889
0.099824
0.312644
0.256862
0.457259
0.051932
0.083900
0.824607
0.012375
0.344601
0.740260
0.853286
0.275196
0.556810
0.713140
0.161315
0.875084
0.902775
0.118131
0.735312
0.791935
0.837829
0.572840
0.418675
0.394351
0.950085
0.438098
0.379834
0.526663
0.210990
0.982026
0.391810
0.678914
0.003999
0.849696
0.522244
0.818488
0.230796
0.502487
0.269957
0.224516
0.680923
0.732081
0.119824
0.820362
0.291685
0.549537
0.727220
0.304909
0.350741
0.756691
0.376496
0.713840
0.340489
0.992489
0.785597
0.889960
0.220620
0.890729
0.363702
0.604286
0.679268
0.789537
0.053734
0.888157
0.239750
0.640389
0.893358
0.713140
0.592276
0.557505
0.277497
0.123232
0.650474
0.460673
0.070385
0.526890
0.472721
0.733813
