0.081254
0.625095
0.117597
0.478040
0.474021
0.481202
0.928436
0.876438
0.771091
0.778209
0.957550
0.081971
0.391713
0.428890
0.405209
0.216587
0.362123
0.508068
0.810716
0.164434
0.501374
0.426528
0.195419
0.008169
0.839830
0.535543
0.763242
0.517389
0.999355
0.015508
0.495272
0.925699
0.418776
0.074824
0.499152
0.792914
0.295454
0.436850
0.945500
0.431569
0.277728
0.154694
0.155515
0.291286
0.031898
0.330006
0.639203
0.977003
0.895875
0.681987
0.533831
0.420503
0.569694
0.240508
0.105328
0.429610
0.052984
0.306726
0.193033
0.690013
0.674300
0.558431
0.601810
0.512214
0.176020
0.803804
0.888157
0.949740
0.029216
0.586641
0.001633
0.314578
0.094199
0.517163
0.604286
0.792153
0.478802
0.997827
0.368560
0.039841
0.948114
0.236259
0.826459
0.270334
0.083224
0.862910
0.277651
0.753173
0.254908
0.648813
0.844200
0.707057
0.317622
0.548501
0.829837
0.651779
0.772765
0.444576
0.240715
0.534174
