0.860457
0.803590
0.879482
0.698725
0.165655
0.109871
0.365006
0.549883
0.723740
0.063917
0.914233
0.969333
0.499485
0.730578
0.162215
0.881611
0.080244
0.126846
0.022191
0.255413
0.227540
0.393666
0.718622
0.667669
0.207344
0.769191
0.970534
0.949913
0.329136
0.805619
0.038879
0.620595
0.724088
0.257589
0.342273
0.519193
0.865625
0.163221
0.760085
0.235647
0.817653
0.063104
0.671340
0.402924
0.286845
0.842616
0.130468
0.174469
0.510195
0.151589
0.272909
0.994400
0.815035
0.380791
0.155564
0.071209
0.575641
0.844497
0.177367
0.645253
0.217733
0.730115
0.167295
0.136760
0.691427
0.877426
0.756125
0.253611
0.730462
0.996003
0.380695
0.227804
0.765379
0.115108
0.163524
0.257807
0.634459
0.561327
0.311805
0.299097
0.616453
0.969419
0.725133
0.972771
0.866370
0.913547
0.779869
0.399166
0.652965
0.896125
0.663402
0.321200
0.388116
0.086477
0.248192
0.623555
0.326793
0.053828
0.421419
0.827485
