0.371570
0.728611
0.254043
0.608771
0.641457
0.002664
0.347391
0.762904
0.323945
0.048735
0.363609
0.863473
0.329832
0.867391
0.725713
0.568064
0.311219
0.833496
0.918443
0.748162
0.238582
0.455451
0.685294
0.793892
0.199668
0.062408
0.731156
0.306643
0.772765
0.251890
0.788335
0.659845
0.154213
0.010442
0.829939
0.917774
0.640152
0.471855
0.656050
0.987159
0.636356
0.935543
0.837127
0.386276
0.743816
0.812722
0.973293
0.833699
0.850378
0.576925
0.979097
0.106439
0.131807
0.696608
0.985467
0.746105
0.446467
0.404911
0.425401
0.200682
0.146180
0.751240
0.196181
0.859129
0.905744
0.194835
0.958487
0.373082
0.157412
0.406704
0.152825
0.579497
0.789646
0.475974
0.477061
0.049535
0.310133
0.313063
0.090748
0.491186
0.456621
0.531324
0.822126
0.987857
0.885210
0.586876
0.527344
0.255486
0.023554
0.715708
0.341648
0.849501
0.729305
0.764705
0.280976
0.286372
0.238787
0.303674
0.245166
0.143040
