0.497487
0.656643
0.015805
0.708111
0.735197
0.478911
0.489754
0.400449
0.042634
0.953682
0.264052
0.763467
0.769415
0.878947
0.355485
0.088619
0.721648
0.552882
0.477496
0.966343
0.434464
0.329919
0.650118
0.119785
0.409001
0.345679
0.404911
0.325755
0.754310
0.866834
0.081172
0.161265
0.364354
0.306560
0.257153
0.781856
0.892259
0.744503
0.835315
0.652728
0.365566
0.494277
0.747362
0.797788
0.791609
0.540232
0.038697
0.896708
0.930369
0.926758
0.324289
0.422336
0.816607
0.749074
0.927809
0.263237
0.748276
0.572257
0.724436
0.720601
0.629479
0.066642
0.767175
0.415840
0.669801
0.619530
0.946459
0.398968
0.792914
0.832077
0.985080
0.447414
0.709515
0.924418
0.489424
0.145127
0.114474
0.617045
0.236259
0.322227
0.121224
0.104192
0.161415
0.732543
0.641931
0.751467
0.844793
0.294408
0.783949
0.209996
0.770086
0.481311
0.188729
0.682223
0.378306
0.000673
0.250962
0.500151
0.360548
0.058787
