0.929957
0.227342
0.984883
0.838130
0.936068
0.894116
0.684467
0.459711
0.539316
0.747705
0.390155
0.026025
0.453011
0.854924
0.307969
0.530072
0.386470
0.375260
0.484373
0.061762
0.506838
0.753969
0.599100
0.442272
0.542181
0.776657
0.507956
0.785267
0.906856
0.064538
0.509411
0.226353
0.794217
0.610543
0.460780
0.692134
0.459391
0.620950
0.755898
0.816712
0.895374
0.647033
0.361845
0.643237
0.431259
0.105882
0.671696
0.394155
0.701074
0.909920
0.656168
0.070917
0.739226
0.137107
0.318132
0.043729
0.832787
0.977439
0.781746
0.935213
0.338800
0.572374
0.669090
0.257371
0.146042
0.391810
0.665891
0.232270
0.766726
0.969937
0.474780
0.813774
0.749417
0.450155
0.436643
0.404811
0.462063
0.722927
0.641101
0.146134
0.615271
0.376210
0.277574
0.939747
0.494056
0.498042
0.152206
0.271392
0.905425
0.533375
0.081474
0.712088
0.231599
0.152920
0.052097
0.481639
0.564925
0.898365
0.670630
0.452693
