0.873179
0.898694
0.624621
0.587697
0.759407
0.467969
0.434982
0.691781
0.522018
0.740145
0.822023
0.121890
0.378401
0.830143
0.842319
0.182394
0.456089
0.629835
0.118246
0.088294
0.037152
0.483060
0.063696
0.557042
0.584883
0.297717
0.017937
0.006575
0.583242
0.242933
0.841921
0.993168
0.033348
0.165604
0.232337
0.326187
0.958848
0.809446
0.099297
0.171612
0.044389
0.753401
0.196416
0.759181
0.000341
0.573423
0.427246
0.282610
0.309550
0.258536
0.936199
0.738191
0.278576
0.216333
0.936003
0.264274
0.256572
0.088649
0.583828
0.060763
0.262794
0.796059
0.794000
0.249184
0.570975
0.574940
0.001420
0.354844
0.296423
0.265314
0.782518
0.723507
0.384346
0.758955
0.912089
0.563996
0.399856
0.185792
0.408801
0.397688
0.140757
0.019502
0.143808
0.494940
0.916952
0.967970
0.715591
0.922114
0.497487
0.020825
0.132143
0.002392
0.509187
0.563764
0.552305
0.530983
0.476952
0.560864
0.529503
0.616690
