0.004305
0.169832
0.364820
0.781966
0.220943
0.582422
0.613379
0.697902
0.548846
0.344691
0.931189
0.423867
0.915824
0.594863
0.822851
0.250605
0.544017
0.325410
0.886341
0.812194
0.161365
0.717690
0.642050
0.083112
0.468185
0.582540
0.688362
0.436435
0.344780
0.022677
0.198303
0.104741
0.836524
0.534972
0.479347
0.914310
0.621661
0.939556
0.290251
0.186523
0.533831
0.628887
0.477278
0.952462
0.575641
0.774435
0.428273
0.018369
0.752036
0.206792
0.090054
0.839131
0.861874
0.951734
0.430434
0.962898
0.449521
0.190556
0.146824
0.095745
0.880105
0.552997
0.740375
0.678086
0.905504
0.200443
0.122205
0.311387
0.394057
0.382806
0.880282
0.048943
0.887467
0.716291
0.457898
0.329049
0.313399
0.043356
0.028359
0.927670
0.683404
0.063696
0.530300
0.707876
0.574590
0.080244
0.652254
0.385503
0.313736
0.198599
0.796599
0.747476
0.610070
0.333329
0.172930
0.924204
0.973929
0.052262
0.268003
0.362680
