0.030686
0.149752
0.881257
0.216396
0.099593
0.378974
0.723740
0.619766
0.469155
0.493614
0.563416
0.964337
0.376781
0.734505
0.344960
0.142725
0.774991
0.854443
0.498597
0.373933
0.537943
0.021298
0.097120
0.274280
0.211239
0.623200
0.631850
0.233751
0.172877
0.143672
0.148631
0.961128
0.811350
0.729652
0.259339
0.614088
0.867113
0.668498
0.471855
0.364447
0.640982
0.749303
0.927179
0.296584
0.579146
0.636356
0.486786
0.374502
0.199846
0.538172
0.763467
0.278191
0.869885
0.237760
0.398673
0.612433
0.864878
0.970279
0.115933
0.414628
0.336763
0.826972
0.506168
0.012791
0.079353
0.801876
0.074214
0.084523
0.725017
0.778873
0.897952
0.614088
0.198125
0.348837
0.754082
0.400251
0.930574
0.196651
0.218820
0.263977
0.199549
0.827895
0.346309
0.200383
0.494277
0.270108
0.722810
0.931733
0.796924
0.342898
0.692723
0.412613
0.077202
0.197357
0.584883
0.359163
0.009617
0.224385
0.068267
0.608063
