0.285822
0.138592
0.888329
0.732427
0.306064
0.890046
0.900499
0.181787
0.872724
0.965418
0.600043
0.165655
0.343973
0.795409
0.370346
0.602400
0.956918
0.216841
0.234833
0.359440
0.222042
0.254187
0.941073
0.618820
0.185288
0.154021
0.551612
0.482513
0.765716
0.683877
0.201520
0.674300
0.603579
0.901233
0.939110
0.681632
0.364726
0.367810
0.513562
0.266731
0.724901
0.894956
0.462813
0.630902
0.275120
0.608535
0.196651
0.880814
0.238925
0.391713
0.640033
0.776546
0.222367
0.046178
0.007852
0.345859
0.600278
0.421317
0.706236
0.346850
0.470126
0.309550
0.291845
0.715358
0.772653
0.800373
0.131597
0.659015
0.891410
0.799404
0.631257
0.568530
0.703774
0.759746
0.365939
0.793240
0.204052
0.771761
0.056475
0.714774
0.665536
0.096159
0.697666
0.962019
0.867298
0.041893
0.189641
0.640626
0.861403
0.412613
0.272302
0.751923
0.384635
0.110267
0.765267
0.618583
0.577743
0.246992
0.348023
0.446782
