0.649525
0.158295
0.679150
0.542869
0.633984
0.200204
0.641694
0.864878
0.134863
0.382422
0.493061
0.532691
0.113105
0.294650
0.991421
0.750442
0.548501
0.899106
0.217669
0.078072
0.329223
0.651542
0.213428
0.947997
0.625924
0.921605
0.563300
0.223733
0.863848
0.869977
0.762003
0.156534
0.073634
0.634222
0.509859
0.159280
0.413922
0.405209
0.728611
0.701779
0.229396
0.776213
0.880193
0.649288
0.249681
0.744961
0.348837
0.491737
0.159823
0.136803
0.068856
0.728611
0.768408
0.010142
0.201640
0.329832
0.205692
0.779205
0.759746
0.654508
0.097023
0.108622
0.062257
0.191015
0.884161
0.851544
0.691545
0.386566
0.991421
0.940696
0.704595
0.362773
0.744274
0.812722
0.583711
0.825122
0.791173
0.093792
0.418979
0.033506
0.210058
0.056514
0.666958
0.790301
0.099824
0.201820
0.718389
0.961028
0.192570
0.007877
0.173831
0.480765
0.087557
0.408201
0.724204
0.517501
0.223798
0.643592
0.410203
0.605584
