0.447519
0.164993
0.891155
0.304003
0.577042
0.767287
0.956175
0.001069
0.234427
0.834508
0.823988
0.169416
0.203628
0.972690
0.157070
0.251890
0.851155
0.643711
0.549653
0.130634
0.144352
0.141157
0.195127
0.188957
0.631850
0.668616
0.120990
0.447414
0.170615
0.195302
0.286058
0.793131
0.485469
0.989428
0.297798
0.633154
0.602753
0.151637
0.081446
0.876168
0.104535
0.530641
0.540347
0.896292
0.665654
0.639084
0.595098
0.731387
0.725017
0.091325
0.582657
0.083224
0.111496
0.802305
0.443842
0.578562
0.899517
0.451106
0.516037
0.721764
0.051080
0.972649
0.271014
0.587932
0.975854
0.972649
0.846565
0.103714
0.987586
0.247204
0.199252
0.777988
0.237281
0.854828
0.507397
0.816188
0.577159
0.283079
0.545166
0.601810
0.868317
0.597687
0.184952
0.567134
0.803804
0.683286
0.681160
0.696961
0.300644
0.376591
0.898117
0.991460
0.379834
0.645491
0.787351
0.199608
0.325842
0.010029
0.153016
0.101451
