0.938083
0.061144
0.612670
0.919922
0.400449
0.795734
0.606882
0.334471
0.228467
0.798327
0.980082
0.641457
0.107737
0.115670
0.537829
0.083815
0.530641
0.626398
0.676667
0.174256
0.791391
0.296503
0.240508
0.428890
0.496047
0.869148
0.660201
0.084751
0.270108
0.347662
0.156243
0.109943
0.464421
0.180797
0.851641
0.097733
0.995147
0.513562
0.864036
0.713023
0.689423
0.552997
0.731965
0.252176
0.826254
0.190441
0.645372
0.690249
0.818488
0.824091
0.755218
0.403122
0.830958
0.611488
0.052115
0.374502
0.439140
0.708579
0.285036
0.177475
0.384925
0.444367
0.600632
0.243211
0.380121
0.599689
0.581369
0.112958
0.875265
0.427144
0.794325
0.176182
0.431982
0.268228
0.245937
0.914462
0.091356
0.601810
0.625095
0.011057
0.227672
0.030262
0.132861
0.572257
0.360086
0.387922
0.615980
0.500374
0.521679
0.489534
0.534059
0.852996
0.817653
0.190155
0.126765
0.635052
0.153542
0.915220
0.224451
0.588049
