0.082109
0.744503
0.460245
0.709632
0.382999
0.534059
0.922910
0.384153
0.265761
0.596275
0.359440
0.589105
0.421521
0.566204
0.077045
0.902127
0.081364
0.921168
0.537257
0.733235
0.885471
0.268904
0.210306
0.635526
0.819113
0.353655
0.572141
0.645016
0.817444
0.125994
0.779758
0.044691
0.229995
0.821401
0.319152
0.135464
0.097410
0.197593
0.780642
0.392884
0.739686
0.146271
0.045851
0.943678
0.906380
0.984883
0.210306
0.030140
0.703774
0.612433
0.599807
0.253252
0.274967
0.551843
0.348837
0.392688
0.620477
0.451317
0.162466
0.828816
0.593805
0.965604
0.315928
0.846467
0.173512
0.764480
0.689895
0.813985
0.490745
0.150315
0.439348
0.482294
0.368185
0.541378
0.226616
0.009185
0.784938
0.493061
0.457792
0.218564
0.981456
0.659489
0.469047
0.063454
0.659845
0.183003
0.836121
0.659015
0.760762
0.775769
0.818592
0.432395
0.030273
0.503936
0.740145
0.512439
0.074417
0.663521
0.017155
0.936134
