0.797032
0.626872
0.025228
0.348565
0.369217
0.305486
0.695902
0.990108
0.103782
0.303592
0.657948
0.905345
0.036659
0.027577
0.504828
0.547120
0.959156
0.572374
0.325151
0.567483
0.852512
0.925486
0.568879
0.139208
0.265389
0.018598
0.232270
0.093949
0.270184
0.234156
0.743816
0.157266
0.340133
0.764480
0.936787
0.132776
0.652847
0.497266
0.588401
0.387244
0.275962
0.028089
0.590632
0.363516
0.637305
0.123311
0.046491
0.882052
0.084183
0.325410
0.708930
0.594745
0.433946
0.735427
0.297312
0.649169
0.928783
0.722578
0.218308
0.930232
0.163776
0.228865
0.686474
0.290967
0.938982
0.692488
0.886514
0.753514
0.702249
0.665654
0.246429
0.905185
0.142320
0.350831
0.644304
0.042649
0.322742
0.902451
0.845384
0.031840
0.587462
0.072289
0.880460
0.934219
0.707291
0.867484
0.741064
0.857892
0.615744
0.709749
0.169208
0.339955
0.443004
0.342183
0.166013
0.335087
0.850572
0.501263
0.901396
0.116573
