0.087645
0.647745
0.794325
0.885297
0.313483
0.817339
0.482185
0.312140
0.556232
0.472504
0.960023
0.462706
0.134520
0.393470
0.784388
0.023362
0.354386
0.344601
0.055554
0.572840
0.583945
0.784828
0.727916
0.068033
0.533717
0.372892
0.629953
0.310467
0.864317
0.163473
0.267179
0.775880
0.527004
0.890644
0.799081
0.976340
0.962411
0.837829
0.884599
0.229729
0.811561
0.719786
0.751012
0.559357
0.611961
0.593452
0.399758
0.858844
0.674773
0.560400
0.619293
0.550920
0.835718
0.508404
0.762454
0.962068
0.979712
0.858083
0.589575
0.761778
0.254619
0.499041
0.720485
0.301134
0.060552
0.364261
0.590749
0.796924
0.878232
0.225367
0.967342
0.624266
0.428993
0.369029
0.734505
0.738306
0.556579
0.489754
0.954884
0.613734
0.984714
0.931393
0.513225
0.103850
0.083140
0.234427
0.346489
0.442272
0.050311
0.107455
0.119669
0.631613
0.355760
0.670867
0.861119
0.998588
0.185008
0.193729
0.328962
0.202602
