0.112006
0.373555
0.749987
0.203628
0.974086
0.263903
0.445311
0.011444
0.688362
0.773656
0.669564
0.214624
0.292964
0.780974
0.802198
0.414830
0.798111
0.411508
0.251318
0.044786
0.464743
0.268153
0.704478
0.863942
0.624266
0.955209
0.611370
0.007242
0.120756
0.532691
0.305899
0.861403
0.223667
0.617755
0.851738
0.701662
0.475865
0.032866
0.427144
0.716058
0.528253
0.997964
0.839431
0.662098
0.994970
0.564461
0.490855
0.503601
0.098480
0.183669
0.936657
0.954340
0.610425
0.181017
0.790301
0.663402
0.363144
0.505609
0.184170
0.518516
0.601221
0.149986
0.233279
0.766277
0.135550
0.604404
0.136760
0.066965
0.312895
0.388212
0.784059
0.386953
0.252749
0.644304
0.201820
0.047005
0.151826
0.704243
0.606882
0.178613
0.111678
0.415941
0.705064
0.063213
0.923054
0.302279
0.406903
0.059820
0.598158
0.407502
0.207774
0.657829
0.978506
0.211738
0.422132
0.253395
0.617400
0.135679
0.317962
0.589692
