0.916727
0.909530
0.803269
0.930506
0.149144
0.990490
0.000378
0.339955
0.524055
0.141962
0.600396
0.852803
0.637068
0.688598
0.590044
0.884511
0.539889
0.865531
0.175056
0.091722
0.006601
0.755785
0.511429
0.121615
0.083928
0.809764
0.156291
0.154743
0.085725
0.125108
0.178993
0.497487
0.999348
0.480874
0.684231
0.898282
0.535886
0.871902
0.760085
0.793892
0.667195
0.787460
0.538858
0.666958
0.376781
0.617873
0.590984
0.801769
0.777434
0.585469
0.930369
0.862534
0.604522
0.631257
0.048995
0.352560
0.854635
0.931461
0.036106
0.317368
0.834103
0.426016
0.738191
0.109943
0.730925
0.328180
0.155757
0.366967
0.167089
0.966159
0.711504
0.392396
0.479456
0.539202
0.396115
0.607590
0.372703
0.419690
0.120328
0.703305
0.095491
0.641813
0.735312
0.023783
0.030911
0.248263
0.196533
0.802519
0.756238
0.868502
0.193149
0.598394
0.885123
0.509747
0.089813
0.645135
0.053923
0.649643
0.412010
0.110195
