0.949798
0.429919
0.476083
0.585234
0.597805
0.335792
0.533603
0.217989
0.603579
0.632917
0.541952
0.030866
0.177097
0.919774
0.171402
0.166627
0.753742
0.409602
0.246500
0.726989
0.802733
0.064182
0.953296
0.547350
0.187313
0.309217
0.680450
0.723624
0.230262
0.918518
0.905504
0.665180
0.355576
0.015390
0.362030
0.568064
0.534288
0.415941
0.659371
0.799081
0.991421
0.677613
0.640864
0.026490
0.975628
0.051859
0.241475
0.036871
0.424071
0.338978
0.521905
0.498930
0.115108
0.323601
0.810927
0.213805
0.712205
0.705533
0.060405
0.272453
0.324289
0.242654
0.802305
0.642999
0.031747
0.957340
0.631376
0.084239
0.024274
0.312308
0.505609
0.920948
0.305569
0.859509
0.806045
0.144990
0.388600
0.017291
0.414729
0.578094
0.012747
0.431466
0.024692
0.491296
0.920509
0.364354
0.042971
0.020324
0.668142
0.247980
0.006192
0.342898
0.464958
0.290967
0.527117
0.040360
0.597452
0.907409
0.487005
0.333856
