0.980282
0.655813
0.931597
0.554614
0.847252
0.069976
0.140712
0.595216
0.709281
0.274814
0.811667
0.803804
0.788663
0.023925
0.596863
0.447203
0.661505
0.636475
0.206059
0.731272
0.546660
0.652016
0.031620
0.163070
0.422642
0.516938
0.741982
0.170041
0.446993
0.912705
0.190556
0.145081
0.946399
0.795951
0.886254
0.202481
0.101551
0.319322
0.494830
0.046425
0.199192
0.817966
0.905903
0.817235
0.403122
0.312476
0.570276
0.062603
0.084154
0.528139
0.060720
0.101618
0.299910
0.522018
0.572840
0.627583
0.727916
0.804979
0.726061
0.892005
0.183059
0.144671
0.603814
0.524962
0.207774
0.401735
0.405906
0.849013
0.985357
0.780642
0.502821
0.955370
0.311219
0.537943
0.843211
0.289139
0.764143
0.496158
0.418370
0.339777
0.279271
0.022233
0.623200
0.023801
0.074722
0.432188
0.768855
0.286924
0.366126
0.494277
0.702131
0.669682
0.467215
0.310718
0.770756
0.134520
0.412513
0.880548
0.320090
0.246289
