0.561211
0.707993
0.415133
0.480656
0.362587
0.175324
0.371948
0.715008
0.702366
0.714541
0.485250
0.401042
0.701779
0.865625
0.008243
0.643355
0.641813
0.319663
0.956812
0.363888
0.685176
0.831162
0.574824
0.009178
0.345050
0.843013
0.122126
0.689305
0.456621
0.674892
0.547005
0.617873
0.129388
0.953902
0.549192
0.022983
0.274432
0.881523
0.793783
0.125873
0.582774
0.287714
0.784938
0.328006
0.087206
0.504605
0.091447
0.864784
0.144580
0.626398
0.361938
0.651304
0.402428
0.165095
0.790737
0.319578
0.936330
0.016250
0.403817
0.027334
0.968325
0.258536
0.886254
0.753628
0.546775
0.624858
0.597099
0.164587
0.644779
0.621897
0.987461
0.840429
0.494498
0.647982
0.366126
0.343346
0.328006
0.668853
0.577276
0.066367
0.599100
0.072984
0.509859
0.308385
0.557736
0.178667
0.198184
0.283939
0.958539
0.931733
0.416547
0.573890
0.868871
0.224320
0.557968
0.120522
0.500262
0.285271
0.433222
0.418878
