0.811561
0.444786
0.161066
0.461635
0.147887
0.301052
0.921241
0.008502
0.724436
0.807748
0.915447
0.949625
0.494830
0.416345
0.681869
0.840030
0.307720
0.858464
0.938341
0.237486
0.336057
0.127907
0.495936
0.572607
0.612079
0.345230
0.437058
0.425503
0.331490
0.145904
0.252678
0.759068
0.372231
0.135679
0.124627
0.276575
0.355943
0.322056
0.494166
0.793457
0.249113
0.726177
0.950143
0.723507
0.480547
0.759068
0.979200
0.076316
0.658778
0.317792
0.383287
0.361289
0.781084
0.302771
0.354295
0.874451
0.843904
0.497376
0.313652
0.850280
0.748047
0.778652
0.429096
0.969463
0.170250
0.778763
0.709749
0.647626
0.337648
0.354935
0.238239
0.373365
0.261099
0.680923
0.279503
0.683877
0.810081
0.015484
0.396115
0.758163
0.906935
0.901233
0.677613
0.766277
0.449416
0.297069
0.326447
0.865718
0.067450
0.577743
0.864410
0.544591
0.949798
0.690720
0.536000
0.452799
0.360271
0.342630
0.950486
0.168897
