0.647864
0.635763
0.042573
0.580667
0.647864
0.424685
0.638847
0.511878
0.228400
0.382230
0.579029
0.871079
0.948055
0.361659
0.580784
0.079326
0.506279
0.980182
0.478693
0.637424
0.291446
0.901233
0.130384
0.533489
0.806152
0.828407
0.941199
0.884074
0.399856
0.799404
0.812511
0.161215
0.757484
0.985632
0.683286
0.660201
0.496601
0.135679
0.412312
0.938662
0.646915
0.007438
0.036250
0.148073
0.562603
0.260218
0.648813
0.443319
0.132988
0.598982
0.215066
0.623200
0.064896
0.913700
0.260585
0.514349
0.509971
0.559936
0.130259
0.551151
0.044595
0.940633
0.374691
0.266805
0.198066
0.056554
0.542869
0.308385
0.298528
0.891240
0.562487
0.947290
0.230529
0.606646
0.028276
0.771984
0.594628
0.259559
0.150598
0.781525
0.916201
0.766165
0.601103
0.183669
0.323859
0.290728
0.524508
0.094418
0.048960
0.395330
0.664469
0.440704
0.362866
0.461849
0.805939
0.542754
0.985357
0.178395
0.951225
0.350559
