0.954066
0.086101
0.838330
0.371570
0.174843
0.466677
0.866834
0.528253
0.944533
0.461635
0.531552
0.507509
0.234562
0.678677
0.202000
0.096895
0.905664
0.431156
0.614325
0.787679
0.684231
0.237076
0.633273
0.909764
0.141380
0.428068
0.821193
0.137325
0.184672
0.010029
0.775325
0.132312
0.947585
0.432498
0.437474
0.014535
0.842120
0.203567
0.476517
0.290171
0.248263
0.366033
0.900499
0.885732
0.805512
0.066918
0.617400
0.710685
0.005643
0.952518
0.669564
0.032710
0.323257
0.115595
0.794217
0.223081
0.900908
0.976673
0.349199
0.146363
0.315590
0.744503
0.140668
0.365286
0.218308
0.013194
0.893696
0.350741
0.382326
0.076445
0.950771
0.300481
0.957550
0.082526
0.277190
0.160667
0.194544
0.542754
0.600867
0.162165
0.435604
0.834609
0.210990
0.578678
0.824813
0.818071
0.326966
0.930506
0.219783
0.227474
0.593452
0.565158
0.494166
0.132988
0.621424
0.312140
0.813880
0.216016
0.505274
0.474346
