0.453117
0.382999
0.121537
0.985686
0.501486
0.759633
0.309550
0.826459
0.364633
0.457046
0.780753
0.250819
0.034145
0.722345
0.749188
0.848916
0.589105
0.654626
0.819634
0.353929
0.087381
0.505274
0.216206
0.453223
0.022458
0.205632
0.835920
0.895458
0.147702
0.669209
0.259193
0.995676
0.857797
0.573307
0.076732
0.731734
0.196416
0.917326
0.205023
0.543443
0.946041
0.913700
0.018382
0.649169
0.384153
0.148864
0.258244
0.082804
0.054570
0.468939
0.294328
0.704830
0.058338
0.235443
0.448256
0.304414
0.970534
0.278731
0.808491
0.133454
0.032213
0.332190
0.688834
0.738651
0.138110
0.443738
0.428787
0.052226
0.571558
0.770645
0.672406
0.717224
0.082470
0.851835
0.930711
0.201820
0.467108
0.317198
0.207467
0.633866
0.746219
0.923845
0.979981
0.980546
0.347842
0.375260
0.078417
0.294489
0.483497
0.548962
0.457472
0.384442
0.477061
0.600278
0.094324
0.930916
0.529276
0.413822
0.267853
0.542410
