0.157657
0.535315
0.540003
0.575407
0.133880
0.782077
0.381942
0.012065
0.527799
0.316182
0.519193
0.198599
0.090355
0.523489
0.160866
0.210244
0.665654
0.664943
0.065143
0.343704
0.260878
0.260291
0.328353
0.335704
0.638373
0.230796
0.808810
0.393079
0.874994
0.093574
0.180632
0.815455
0.895290
0.721997
0.235511
0.670867
0.249965
0.490855
0.456514
0.460780
0.357413
0.992162
0.568879
0.829531
0.351468
0.715241
0.689659
0.572257
0.978681
0.728263
0.149658
0.394253
0.060237
0.032378
0.537943
0.039741
0.760537
0.243978
0.590162
0.116422
0.109728
0.211988
0.807748
0.372325
0.256354
0.415234
0.283235
0.268678
0.304744
0.306147
0.176827
0.709398
0.299585
0.811456
0.829837
0.681514
0.927530
0.419182
0.747819
0.320687
0.513450
0.166679
0.402627
0.286451
0.780642
0.173566
0.251676
0.844398
0.441644
0.700017
0.588401
0.985052
0.772207
0.257153
0.124627
0.819009
0.121694
0.453753
0.183114
0.596510
