0.360363
0.234156
0.170250
0.055944
0.804231
0.745076
0.014928
0.533375
0.467969
0.341380
0.531324
0.419588
0.063498
0.999048
0.446993
0.713256
0.815455
0.377638
0.606646
0.330355
0.230863
0.791282
0.067126
0.358886
0.168586
0.474563
0.742555
0.290251
0.811667
0.109441
0.185344
0.949625
0.588518
0.173884
0.576692
0.141024
0.439765
0.220169
0.250036
0.407802
0.047778
0.974516
0.193555
0.725017
0.066642
0.236940
0.457792
0.076523
0.040505
0.135249
0.487554
0.526209
0.786474
0.415335
0.737616
0.366033
0.150739
0.805726
0.815455
0.071674
0.002820
0.021838
0.959412
0.594981
0.815874
0.569578
0.186805
0.053772
0.941512
0.720717
0.911704
0.513674
0.695078
0.379069
0.259705
0.441644
0.934485
0.165349
0.427349
0.770868
0.527571
0.504940
0.440809
0.917923
0.360271
0.240439
0.241891
0.202602
0.207344
0.324203
0.995799
0.043917
0.702601
0.079084
0.471098
0.795518
0.585234
0.131681
0.339066
0.045949
