0.956812
0.128235
0.306892
0.112408
0.581135
0.038600
0.458111
0.293365
0.691192
0.027163
0.812089
0.789210
0.748504
0.615271
0.568530
0.337559
0.434464
0.140579
0.297150
0.203991
0.168379
0.641457
0.430744
0.345319
0.468077
0.959565
0.018556
0.724785
0.471098
0.104983
0.522583
0.861969
0.155370
0.738651
0.713023
0.575524
0.335616
0.524282
0.230796
0.517050
0.148444
0.458431
0.862251
0.104845
0.721880
0.549537
0.788554
0.828918
0.716757
0.052947
0.990130
0.856267
0.200264
0.195712
0.806365
0.029485
0.886254
0.661149
0.621069
0.804659
0.761214
0.507732
0.248617
0.999842
0.636593
0.108409
0.831365
0.123669
0.012949
0.490194
0.933552
0.924846
0.213742
0.224516
0.395036
0.754650
0.165706
0.982983
0.024005
0.032461
0.332102
0.275273
0.127702
0.343525
0.573190
0.214750
0.790628
0.795409
0.224255
0.375071
0.981742
0.119669
0.917997
0.525529
0.502710
0.338445
0.038212
0.632561
0.533375
0.463777
