0.083872
0.937761
0.444996
0.061101
0.419995
0.413419
0.538973
0.399166
0.118246
0.793023
0.358978
0.003002
0.954449
0.065889
0.777101
0.352469
0.401042
0.514686
0.888243
0.229729
0.638847
0.065481
0.051804
0.600043
0.237896
0.437890
0.685294
0.974086
0.312644
0.915296
0.736695
0.251890
0.521113
0.825945
0.071723
0.354844
0.063674
0.869609
0.124707
0.865065
0.710919
0.775213
0.949163
0.745991
0.913394
0.483060
0.087352
0.581954
0.412412
0.849111
0.052428
0.780532
0.582305
0.918146
0.430228
0.181346
0.854731
0.379452
0.738306
0.132185
0.992144
0.890388
0.271847
0.616690
0.671340
0.101150
0.038143
0.820258
0.379834
0.951677
0.913165
0.165502
0.718971
0.368654
0.803055
0.723507
0.297960
0.983553
0.648101
0.166320
0.045139
0.997370
0.764705
0.121655
0.871719
0.002951
0.081777
0.033323
0.862722
0.570393
0.363795
0.258536
0.179975
0.760085
0.678677
0.411106
0.118706
0.434671
0.209934
0.537829
