0.039160
0.156875
0.094356
0.544017
0.300971
0.905265
0.530072
0.214877
0.558662
0.954176
0.423969
0.767511
0.703422
0.640626
0.141783
0.827690
0.543672
0.039599
0.895708
0.964857
0.386953
0.172771
0.953351
0.024555
0.778763
0.276192
0.940696
0.378019
0.463777
0.139384
0.653203
0.958124
0.938276
0.622845
0.422336
0.476735
0.586055
0.503490
0.614798
0.473046
0.970108
0.485250
0.853768
0.312560
0.940696
0.190270
0.706002
0.295213
0.169520
0.665891
0.037869
0.503156
0.681987
0.549307
0.171402
0.762904
0.793349
0.821919
0.742441
0.287477
0.149237
0.402428
0.070072
0.999551
0.339866
0.851835
0.996108
0.531552
0.675957
0.308302
0.799727
0.103373
0.700840
0.997819
0.737270
0.809340
0.389669
0.576108
0.651542
0.271090
0.492289
0.075721
0.791391
0.607708
0.123908
0.006976
0.574357
0.614679
0.956654
0.043001
0.451634
0.251747
0.906380
0.876618
0.627702
0.607000
0.714658
0.246008
0.171349
0.037747
