0.840030
0.288584
0.728379
0.374407
0.551266
0.598982
0.587814
0.114103
0.429199
0.699312
0.026845
0.588049
0.556232
0.273746
0.929130
0.540805
0.121420
0.890217
0.168793
0.863473
0.603579
0.531780
0.898034
0.478258
0.014945
0.988858
0.486346
0.578094
0.801769
0.587110
0.390933
0.661387
0.278576
0.462598
0.569345
0.112225
0.195127
0.604050
0.190441
0.603225
0.193555
0.486895
0.025154
0.707993
0.075695
0.474780
0.671222
0.302607
0.532463
0.755671
0.266357
0.364074
0.749074
0.849891
0.871262
0.138768
0.283939
0.033299
0.016839
0.769415
0.157363
0.047592
0.719670
0.062278
0.716641
0.135507
0.379165
0.286609
0.222107
0.305321
0.296665
0.443528
0.065481
0.243559
0.348204
0.790737
0.249042
0.837628
0.987979
0.429301
0.468508
0.250534
0.063257
0.919848
0.659964
0.485030
0.329310
0.675602
0.435293
0.296503
0.167347
0.314999
0.932814
0.303099
0.991538
0.095967
0.234562
0.843310
0.224059
0.865811
