0.585469
0.600985
0.405906
0.211488
0.804124
0.661861
0.144307
0.353199
0.481857
0.921969
0.759068
0.887207
0.542984
0.701779
0.522810
0.632443
0.352925
0.044027
0.950486
0.200921
0.679032
0.572840
0.875897
0.164942
0.753060
0.836624
0.026637
0.614206
0.806365
0.995967
0.702483
0.099956
0.883460
0.818697
0.331053
0.814510
0.312140
0.013139
0.572024
0.794759
0.523036
0.128235
0.718622
0.818905
0.848329
0.345769
0.654864
0.245096
0.969851
0.380600
0.012591
0.719670
0.938854
0.684822
0.244676
0.916201
0.341915
0.391225
0.649050
0.323687
0.399067
0.584648
0.990279
0.937696
0.062257
0.377924
0.564345
0.212550
0.972283
0.680569
0.423561
0.954938
0.818071
0.801125
0.934816
0.982276
0.393763
0.787898
0.895290
0.864130
0.374691
0.990172
0.767623
0.917550
0.060594
0.914462
0.597334
0.559125
0.238033
0.608299
0.563764
0.432395
0.259925
0.071895
0.892429
0.492841
0.214814
0.229197
0.343525
0.858273
