0.177313
0.168949
0.896957
0.046342
0.429507
0.740260
0.046474
0.826870
0.542984
0.677140
0.684822
0.291845
0.822851
0.996970
0.424582
0.382326
0.058808
0.663876
0.161165
0.399264
0.696490
0.433843
0.887294
0.194660
0.816188
0.328353
0.519758
0.804552
0.265017
0.926265
0.919036
0.849404
0.045510
0.085495
0.055885
0.050453
0.441540
0.717340
0.508180
0.322742
0.903179
0.502821
0.235443
0.278422
0.373744
0.263459
0.608299
0.423867
0.039528
0.280433
0.049377
0.237486
0.798435
0.428581
0.941261
0.321457
0.085927
0.175003
0.936068
0.754877
0.798650
0.893105
0.145629
0.965743
0.336587
0.864130
0.635526
0.292484
0.373176
0.003835
0.126927
0.066436
0.144534
0.132270
0.247698
0.081750
0.335969
0.680687
0.149986
0.096222
0.804979
0.620240
0.027873
0.227408
0.638017
0.352560
0.117826
0.298690
0.743243
0.173142
0.313652
0.554152
0.703891
0.658778
0.104638
0.168949
0.956335
0.129430
0.677613
0.672169
