0.012523
0.483060
0.465495
0.287872
0.289059
0.131765
0.269656
0.541493
0.564345
0.985795
0.209439
0.057110
0.269731
0.101451
0.255269
0.247486
0.584062
0.894368
0.785048
0.036924
0.554960
0.895290
0.479674
0.323429
0.016903
0.318132
0.515361
0.528594
0.374123
0.022208
0.242030
0.089933
0.659608
0.630072
0.671340
0.696373
0.305486
0.561095
0.339688
0.772876
0.737846
0.881257
0.505274
0.480765
0.706354
0.431878
0.316013
0.211239
0.326447
0.751695
0.953074
0.082137
0.189185
0.237896
0.461528
0.239131
0.438931
0.475323
0.917774
0.990000
0.415335
0.309883
0.475757
0.645253
0.730462
0.172666
0.233212
0.514012
0.129017
0.692488
0.357596
0.643237
0.160568
0.014591
0.107702
0.652016
0.548156
0.348385
0.753401
0.743816
0.726757
0.578445
0.016655
0.058399
0.801017
0.513000
0.420808
0.252821
0.006153
0.451423
0.412010
0.342451
0.811561
0.977763
0.814300
0.313399
0.530869
0.832483
0.825431
0.242168
