0.986010
0.204173
0.750784
0.383672
0.896459
0.611488
0.276115
0.322056
0.516487
0.084381
0.104983
0.495494
0.410404
0.640389
0.959002
0.422744
0.016005
0.786693
0.086303
0.019737
0.095936
0.114847
0.535772
0.883109
0.197357
0.919848
0.527344
0.629242
0.255269
0.416547
0.086303
0.311805
0.952797
0.371193
0.335087
0.963670
0.756691
0.568181
0.905823
0.083000
0.170302
0.393372
0.430228
0.803483
0.943556
0.152492
0.525302
0.983464
0.896542
0.957340
0.504493
0.624503
0.066048
0.819426
0.819426
0.578678
0.203084
0.125631
0.548616
0.389571
0.802733
0.359070
0.840827
0.393959
0.576692
0.781966
0.458005
0.500596
0.186467
0.957759
0.676075
0.699195
0.991768
0.482076
0.041445
0.917027
0.829429
0.794325
0.942632
0.516825
0.850280
0.687772
0.284330
0.922693
0.913241
0.663758
0.146501
0.908982
0.694136
0.386953
0.556926
0.801554
0.208636
0.477931
0.393177
0.707291
0.472071
0.420096
0.982214
0.706588
