0.998790
0.439661
0.985822
0.867762
0.053096
0.681750
0.069832
0.200622
0.488543
0.297879
0.148026
0.797464
0.457366
0.283391
0.058379
0.111278
0.675957
0.088205
0.369499
0.108444
0.687772
0.781305
0.048392
0.756238
0.263829
0.272757
0.537829
0.692134
0.404911
0.883811
0.443633
0.865718
0.237691
0.747819
0.953019
0.553805
0.578445
0.306726
0.389377
0.720136
0.200323
0.200682
0.542754
0.747248
0.767175
0.722229
0.772765
0.784938
0.487664
0.918740
0.891665
0.109943
0.883899
0.020538
0.071944
0.766053
0.109835
0.915598
0.794325
0.137281
0.225171
0.090415
0.639440
0.876798
0.623674
0.085037
0.539431
0.503156
0.791718
0.762679
0.320773
0.840429
0.338091
0.144035
0.383287
0.830245
0.685766
0.137979
0.299992
0.137543
0.877157
0.913318
0.673590
0.526777
0.867113
0.020538
0.912089
0.110231
0.239543
0.371288
0.206915
0.026934
0.412010
0.552651
0.388309
0.898777
0.974979
0.721880
0.209686
0.487005
