0.134136
0.296988
0.311805
0.713724
0.263977
0.000132
0.955046
0.691427
0.946041
0.165400
0.905744
0.780753
0.009435
0.363888
0.496712
0.418776
0.585586
0.764592
0.001447
0.218628
0.083337
0.528708
0.080816
0.838230
0.584414
0.049605
0.494387
0.993384
0.153542
0.107526
0.696137
0.666721
0.884336
0.225367
0.092675
0.863192
0.721648
0.817862
0.641338
0.198836
0.538744
0.644304
0.649288
0.397786
0.575290
0.513787
0.937696
0.311721
0.046211
0.748047
0.834508
0.790192
0.144171
0.255196
0.116422
0.610897
0.149705
0.347752
0.440182
0.096831
0.806471
0.333329
0.633629
0.020362
0.724436
0.076836
0.925273
0.103136
0.406205
0.955693
0.705885
0.117445
0.454814
0.832483
0.595569
0.736925
0.496601
0.349108
0.156243
0.179593
0.102122
0.274738
0.939874
0.910775
0.757258
0.491296
0.189584
0.633154
0.003910
0.534858
0.107420
0.938662
0.450683
0.025890
0.986852
0.901233
0.844497
0.135765
0.228665
0.075207
