0.099692
0.022167
0.886254
0.204962
0.476409
0.335881
0.443214
0.358149
0.044786
0.082581
0.603814
0.438202
0.226419
0.123153
0.273670
0.647508
0.697549
0.519080
0.924561
0.235579
0.446887
0.709281
0.496490
0.215509
0.251104
0.221978
0.620122
0.301134
0.131471
0.839830
0.221783
0.669209
0.826870
0.710919
0.799620
0.764255
0.856650
0.045900
0.180085
0.798111
0.353107
0.581837
0.038628
0.328440
0.367061
0.597099
0.174416
0.610306
0.876438
0.694607
0.412915
0.804552
0.508516
0.899352
0.611606
0.129595
0.720601
0.010166
0.632680
0.524622
0.170145
0.076706
0.621187
0.989870
0.875446
0.657829
0.935806
0.915069
0.761665
0.670511
0.378974
0.165757
0.203991
0.353107
0.275273
0.617755
0.337294
0.931325
0.994704
0.868779
0.535315
0.605230
0.667905
0.746448
0.595451
0.014985
0.038809
0.593569
0.912397
0.468508
0.948231
0.743129
0.713023
0.414729
0.383864
0.587228
0.008834
0.388116
0.853865
0.226419
