0.360271
0.726525
0.358425
0.903179
0.763580
0.244117
0.943494
0.947997
0.721880
0.366687
0.440704
0.131555
0.594510
0.682578
0.199192
0.117750
0.939620
0.013398
0.325410
0.666839
0.647864
0.470018
0.575991
0.787679
0.567715
0.460245
0.978436
0.257516
0.871994
0.971624
0.496379
0.362680
0.968147
0.396508
0.704243
0.852222
0.684231
0.273898
0.579029
0.560284
0.948406
0.396017
0.995332
0.511878
0.022550
0.186579
0.375830
0.280743
0.035458
0.714774
0.719321
0.624858
0.656761
0.411709
0.831670
0.136197
0.834710
0.269204
0.448361
0.006080
0.417560
0.732312
0.583359
0.398673
0.745190
0.492399
0.694843
0.544591
0.764930
0.264942
0.154839
0.241614
0.585938
0.023925
0.555654
0.681987
0.094607
0.129306
0.189812
0.083393
0.674537
0.292404
0.264497
0.984685
0.650237
0.269581
0.287556
0.334471
0.129554
0.142455
0.996781
0.382038
0.731272
0.238307
0.661979
0.509523
0.129803
0.854443
0.205144
0.348475
