0.396901
0.120912
0.179484
0.828407
0.635289
0.007571
0.175967
0.255702
0.108551
0.034645
0.612788
0.005048
0.986826
0.842219
0.886514
0.838531
0.912705
0.357873
0.319237
0.268904
0.208513
0.493061
0.110591
0.326620
0.053245
0.631494
0.502153
0.145264
0.089543
0.293686
0.268753
0.292484
0.970956
0.142635
0.239750
0.336587
0.821193
0.362773
0.028172
0.360918
0.057010
0.013631
0.497598
0.983995
0.937761
0.584765
0.624384
0.918518
0.857224
0.826459
0.239268
0.690956
0.302279
0.338268
0.974360
0.396213
0.113105
0.085956
0.755558
0.146134
0.236735
0.245236
0.570160
0.318812
0.952239
0.274967
0.458218
0.218372
0.612079
0.822954
0.280898
0.443842
0.750214
0.439765
0.343256
0.047239
0.786035
0.541952
0.748846
0.041386
0.229529
0.705299
0.080190
0.404314
0.001881
0.853479
0.370628
0.905265
0.005287
0.901640
0.068033
0.082109
0.010499
0.471963
0.850572
0.894116
0.323343
0.167141
0.445626
0.846565
