0.340934
0.505498
0.261835
0.301134
0.540347
0.812932
0.823575
0.508739
0.189071
0.581720
0.471531
0.426323
0.958124
0.540691
0.538973
0.419690
0.386276
0.788554
0.015420
0.672288
0.170930
0.872997
0.904064
0.113548
0.156924
0.771315
0.748047
0.649525
0.773099
0.073509
0.198955
0.348113
0.109800
0.275885
0.720252
0.240577
0.507173
0.530300
0.103612
0.793566
0.723391
0.935806
0.833901
0.638135
0.726757
0.185680
0.577977
0.721532
0.963092
0.333154
0.521000
0.071796
0.835113
0.810927
0.059986
0.390057
0.397786
0.812194
0.710451
0.743931
0.481311
0.606410
0.681750
0.740719
0.743587
0.724901
0.784388
0.621661
0.621069
0.360548
0.343615
0.395134
0.944533
0.087206
0.992877
0.378306
0.078444
0.762454
0.286766
0.933618
0.623318
0.281831
0.363237
0.689541
0.719554
0.250677
0.707525
0.046772
0.823368
0.955747
0.987759
0.480438
0.272529
0.768743
0.834508
0.161765
0.131052
0.436954
0.335440
0.420198
