0.143808
0.618228
0.495051
0.447203
0.454708
0.338978
0.059612
0.383864
0.879393
0.359070
0.948114
0.823781
0.407502
0.444891
0.506056
0.187878
0.758842
0.012494
0.737040
0.476409
0.771984
0.844101
0.482622
0.748047
0.242377
0.589223
0.659371
0.756691
0.823781
0.162919
0.054093
0.404612
0.867206
0.922186
0.858559
0.697902
0.011053
0.292324
0.003610
0.674655
0.488104
0.273822
0.777988
0.859414
0.667432
0.993613
0.242238
0.256499
0.826972
0.639084
0.919480
0.821712
0.646915
0.374028
0.887034
0.815350
0.894704
0.047039
0.199489
0.163978
0.636119
0.081584
0.159428
0.561211
0.255920
0.037058
0.787351
0.232404
0.445416
0.860078
0.696137
0.415436
0.838831
0.483388
0.404911
0.341469
0.893443
0.899435
0.755218
0.755331
0.911858
0.037098
0.982800
0.642525
0.617518
0.846859
0.596745
0.244396
0.686002
0.367061
0.462384
0.607708
0.033898
0.282454
0.469478
0.973652
0.045981
0.048050
0.305404
0.903420
