0.085294
0.108728
0.642050
0.146824
0.214561
0.743931
0.770198
0.517727
0.976894
0.903742
0.503936
0.074544
0.955800
0.634933
0.259705
0.078125
0.148305
0.168586
0.236940
0.720136
0.050595
0.837026
0.345230
0.888759
0.818488
0.052042
0.383672
0.968589
0.024968
0.421114
0.269430
0.359440
0.000765
0.221072
0.554498
0.997971
0.597687
0.161615
0.286609
0.957235
0.924775
0.827690
0.962606
0.287003
0.894536
0.031782
0.868594
0.520774
0.771984
0.549653
0.364913
0.316859
0.764592
0.263015
0.717923
0.760762
0.161665
0.220878
0.097152
0.256427
0.297393
0.601928
0.736579
0.873816
0.010576
0.451634
0.071307
0.679150
0.647626
0.974748
0.936461
0.469478
0.995025
0.828816
0.691899
0.637305
0.163978
0.074189
0.179429
0.949047
0.428787
0.383287
0.691781
0.445626
0.379356
0.452587
0.736349
0.829327
0.332540
0.399363
0.178341
0.347481
0.861497
0.498153
0.705885
0.643355
0.026490
0.284330
0.431775
0.726873
