0.136760
0.972037
0.368748
0.070360
0.691192
0.731965
0.595686
0.857892
0.210306
0.331490
0.573074
0.881876
0.501819
0.638254
0.077728
0.694961
0.287635
0.971291
0.557620
0.908904
0.181181
0.358517
0.273822
0.847154
0.800695
0.443633
0.256282
0.881523
0.142770
0.489093
0.624029
0.840827
0.075233
0.457685
0.813143
0.412613
0.754310
0.474563
0.111605
0.235579
0.542525
0.015914
0.062063
0.445836
0.611961
0.182450
0.004421
0.220427
0.846073
0.663402
0.245026
0.036447
0.349743
0.835920
0.384250
0.729421
0.122244
0.061292
0.086564
0.386083
0.310718
0.659845
0.083000
0.443004
0.575174
0.876077
0.811033
0.667195
0.622016
0.334735
0.638610
0.802841
0.120678
0.503490
0.507732
0.043063
0.734159
0.951958
0.646915
0.288188
0.453647
0.633391
0.972119
0.291765
0.490965
0.746219
0.106929
0.750442
0.960928
0.102324
0.502153
0.300807
0.461100
0.885384
0.317113
0.924775
0.877247
0.418066
0.057852
0.818488
