0.479892
0.010158
0.108055
0.893864
0.858844
0.275426
0.811456
0.351559
0.609716
0.055379
0.970619
0.458964
0.529958
0.299910
0.078524
0.587697
0.041342
0.195946
0.950143
0.244466
0.870987
0.653796
0.981742
0.231599
0.497820
0.374217
0.057671
0.308967
0.562487
0.307637
0.106369
0.805086
0.448045
0.233144
0.713023
0.667905
0.332453
0.068974
0.093512
0.799835
0.079299
0.895207
0.690013
0.278808
0.664113
0.441540
0.279735
0.997207
0.936526
0.352834
0.942198
0.958642
0.822747
0.840229
0.213554
0.831264
0.946280
0.847742
0.321542
0.727568
0.203870
0.994887
0.046640
0.935740
0.742097
0.444262
0.830041
0.029800
0.307057
0.990215
0.524508
0.445101
0.393470
0.441331
0.500040
0.460032
0.479129
0.667905
0.242585
0.677613
0.358886
0.947112
0.212801
0.725597
0.865065
0.286294
0.076915
0.119979
0.249681
0.660082
0.278422
0.166115
0.458325
0.300399
0.872724
0.684349
0.375545
0.037206
0.867113
0.472937
