0.588166
0.807216
0.585938
0.326274
0.285822
0.220169
0.283704
0.017688
0.243699
0.456302
0.583242
0.517501
0.483060
0.598982
0.299992
0.420808
0.897206
0.570509
0.517727
0.228997
0.503156
0.645847
0.410203
0.291286
0.645016
0.115520
0.804979
0.385793
0.294248
0.628768
0.574123
0.231733
0.390252
0.395919
0.629361
0.531324
0.529503
0.366219
0.266656
0.969333
0.703539
0.308800
0.733351
0.971375
0.928575
0.724088
0.811983
0.575057
0.393079
0.663639
0.828407
0.026510
0.351104
0.214309
0.012870
0.779758
0.312476
0.885558
0.204658
0.142186
0.418168
0.065685
0.523602
0.979337
0.751923
0.661149
0.957759
0.837929
0.226814
0.564577
0.318556
0.701192
0.451211
0.503490
0.164130
0.490084
0.959870
0.118284
0.299585
0.490084
0.192570
0.432085
0.713840
0.659726
0.014480
0.498486
0.781856
0.520435
0.172507
0.676312
0.731272
0.404413
0.410604
0.718855
0.377257
0.148119
0.514574
0.209625
0.376876
0.546315
