0.177313
0.383383
0.839331
0.028864
0.789974
0.289694
0.083505
0.206303
0.428684
0.197004
0.698607
0.004889
0.324031
0.997865
0.178450
0.058972
0.802948
0.378878
0.896459
0.735312
0.822126
0.572840
0.490745
0.083280
0.892513
0.726525
0.010146
0.809975
0.542181
0.039985
0.026422
0.281753
0.370157
0.597452
0.221201
0.313904
0.161066
0.186579
0.019160
0.190212
0.464743
0.487774
0.039499
0.729074
0.475540
0.968633
0.742785
0.589457
0.644542
0.444367
0.791718
0.986877
0.062777
0.818175
0.040767
0.924846
0.558083
0.662809
0.248546
0.343973
0.021936
0.084751
0.963813
0.540576
0.064717
0.401042
0.098773
0.152254
0.982120
0.843904
0.403321
0.461849
0.789537
0.110051
0.254547
0.863004
0.968457
0.953019
0.669090
0.691074
0.697549
0.510083
0.356953
0.942322
0.317537
0.089394
0.918146
0.814405
0.559010
0.836020
0.887812
0.612906
0.702953
0.123391
0.417357
0.361752
0.229263
0.462598
0.722578
0.477061
