0.040071
0.332190
0.002275
0.186579
0.734851
0.993467
0.946459
0.873543
0.548156
0.154261
0.742441
0.828918
0.182837
0.746219
0.055301
0.968765
0.140446
0.700135
0.057150
0.646321
0.713256
0.275196
0.580316
0.110844
0.832077
0.214687
0.588401
0.239406
0.804124
0.773099
0.896708
0.896292
0.877336
0.361567
0.979981
0.386663
0.203446
0.324634
0.919848
0.325669
0.311052
0.387340
0.975892
0.258317
0.713840
0.560400
0.743243
0.337029
0.713607
0.398180
0.174256
0.594275
0.268453
0.996584
0.216016
0.246500
0.726757
0.385600
0.681396
0.992946
0.652372
0.028151
0.108693
0.315928
0.424685
0.873543
0.447414
0.771873
0.340133
0.321970
0.198658
0.801447
0.237623
0.277805
0.449838
0.547005
0.547810
0.759520
0.598276
0.015698
0.509747
0.429610
0.123549
0.297231
0.073334
0.536571
0.040943
0.292244
0.156437
0.635763
0.957915
0.166371
0.220233
0.994718
0.445521
0.554152
0.295132
0.635052
0.258682
0.472504
