0.308385
0.752264
0.280821
0.419182
0.128810
0.989805
0.903340
0.285507
0.951621
0.333241
0.324978
0.666247
0.007679
0.957550
0.731387
0.117483
0.306064
0.884424
0.557736
0.155806
0.794000
0.484811
0.789646
0.534059
0.991596
0.075798
0.550114
0.702953
0.509635
0.769974
0.629598
0.975854
0.468616
0.620713
0.084438
0.201880
0.870345
0.975892
0.126724
0.434568
0.513337
0.671222
0.450260
0.618110
0.402230
0.764592
0.779758
0.045721
0.483497
0.358794
0.062020
0.715941
0.471206
0.169312
0.388600
0.480001
0.538630
0.289059
0.386083
0.364633
0.182726
0.124547
0.274280
0.729305
0.537257
0.698960
0.594157
0.744389
0.362401
0.181622
0.471423
0.533261
0.971208
0.613142
0.019775
0.068408
0.497820
0.366967
0.395428
0.596745
0.622489
0.999095
0.833699
0.712205
0.951564
0.558199
0.935081
0.572840
0.115295
0.574590
0.882757
0.223407
0.911240
0.979440
0.183892
0.570160
0.661387
0.238307
0.117940
0.049325
