0.106614
0.382614
0.020631
0.743472
0.533603
0.891070
0.906459
0.471639
0.584531
0.331752
0.535543
0.999461
0.494277
0.130801
0.297150
0.428787
0.157022
0.045932
0.013932
0.451106
0.149144
0.147841
0.284017
0.615625
0.923774
0.127375
0.432498
0.907646
0.847154
0.573773
0.098773
0.520661
0.179866
0.460566
0.978890
0.453859
0.248334
0.546545
0.455132
0.528367
0.732427
0.318216
0.202421
0.532121
0.426836
0.407302
0.391615
0.339866
0.483935
0.969549
0.299585
0.448045
0.877874
0.873906
0.795193
0.006202
0.448572
0.023000
0.023502
0.383768
0.511541
0.167244
0.660201
0.851058
0.538630
0.192108
0.404314
0.132903
0.133327
0.224909
0.924347
0.286215
0.260952
0.808279
0.632680
0.964810
0.652254
0.654270
0.674892
0.033275
0.483388
0.782077
0.282143
0.690838
0.549653
0.659489
0.203567
0.571908
0.291206
0.492620
0.039698
0.160966
0.684349
0.796059
0.043604
0.930026
0.549998
0.554383
0.533945
0.119476
