0.506950
0.983074
0.769415
0.974516
0.027053
0.797788
0.465495
0.399856
0.999637
0.105259
0.081007
0.396803
0.931597
0.718389
0.431466
0.615507
0.703070
0.088827
0.748732
0.939684
0.679505
0.903903
0.300971
0.457685
0.825019
0.845187
0.702953
0.606174
0.360641
0.354203
0.374976
0.017135
0.759972
0.222821
0.309716
0.780090
0.378115
0.338889
0.285193
0.146455
0.871536
0.215509
0.154839
0.500707
0.803376
0.077360
0.301216
0.351195
0.014364
0.846073
0.603343
0.972324
0.612315
0.764143
0.185064
0.459605
0.799835
0.182948
0.085237
0.164790
0.163473
0.548501
0.514911
0.474129
0.937502
0.077887
0.008344
0.594393
0.595334
0.445206
0.124587
0.932004
0.574824
0.479783
0.925131
0.457153
0.277420
0.297798
0.160568
0.789537
0.181842
0.060405
0.891665
0.394253
0.295777
0.065075
0.054992
0.512327
0.968059
0.499263
0.619175
0.424992
0.370722
0.168172
0.557042
0.929613
0.176450
0.441644
0.872085
0.833091
