0.203628
0.615862
0.154984
0.379260
0.729305
0.358702
0.193787
0.406604
0.340044
0.823575
0.456408
0.314915
0.232136
0.180085
0.162567
0.601574
0.947467
0.675128
0.275043
0.926617
0.055612
0.519306
0.626635
0.668853
0.864317
0.328266
0.245937
0.264942
0.964574
0.975628
0.441122
0.020248
0.289456
0.116498
0.638847
0.723507
0.748846
0.578445
0.251819
0.449099
0.922982
0.536686
0.505051
0.568530
0.406504
0.956175
0.953406
0.396999
0.033898
0.413016
0.856076
0.994038
0.467431
0.382806
0.460352
0.854057
0.425299
0.273670
0.990697
0.025529
0.635882
0.846368
0.449627
0.961624
0.360363
0.144080
0.505386
0.425299
0.404413
0.419791
0.010691
0.012037
0.158000
0.925273
0.913471
0.190556
0.353472
0.135378
0.312392
0.005526
0.270561
0.120873
0.474021
0.464314
0.191245
0.640271
0.211800
0.154165
0.975248
0.090234
0.595334
0.842219
0.814510
0.209501
0.923270
0.880992
0.438515
0.700370
0.345769
0.022693
