0.100518
0.138768
0.639915
0.274280
0.929682
0.929613
0.360918
0.658896
0.468616
0.832584
0.093636
0.928714
0.018648
0.223081
0.501486
0.913011
0.071625
0.953351
0.192686
0.373460
0.182063
0.132607
0.813143
0.839730
0.868040
0.130551
0.159131
0.037165
0.721997
0.298447
0.174203
0.587110
0.137717
0.729768
0.177097
0.411608
0.019160
0.737155
0.416244
0.690720
0.172033
0.921750
0.697314
0.547810
0.767175
0.597569
0.977113
0.118860
0.868964
0.605584
0.747476
0.657236
0.850086
0.507173
0.583242
0.240508
0.256499
0.166987
0.775325
0.501597
0.865438
0.978855
0.833699
0.751809
0.945018
0.032038
0.242099
0.120639
0.017265
0.374691
0.661149
0.759068
0.157951
0.801339
0.569345
0.229862
0.329745
0.451106
0.148631
0.589927
0.062386
0.829837
0.852222
0.416042
0.946578
0.976600
0.551843
0.444996
0.930984
0.556001
0.039019
0.801125
0.406404
0.681278
0.881434
0.718040
0.704830
0.599454
0.770756
0.667905
