0.024337
0.512888
0.475974
0.379356
0.560980
0.144534
0.190441
0.707759
0.322227
0.710919
0.798219
0.092552
0.370722
0.667787
0.635170
0.730231
0.624858
0.837829
0.863848
0.342362
0.543213
0.314409
0.158639
0.619530
0.558894
0.594040
0.833699
0.157755
0.902532
0.882493
0.706236
0.571908
0.417661
0.578912
0.839531
0.219590
0.688716
0.099659
0.417155
0.583125
0.476517
0.884773
0.506838
0.419791
0.419690
0.368279
0.112335
0.618701
0.332628
0.037112
0.322485
0.664113
0.341291
0.366033
0.235783
0.693665
0.214372
0.260071
0.747362
0.189128
0.420910
0.130135
0.312308
0.226090
0.461635
0.894956
0.332803
0.752719
0.044042
0.993384
0.816293
0.277113
0.119360
0.413016
0.227606
0.625687
0.816188
0.066436
0.142545
0.211301
0.524962
0.262277
0.575991
0.390641
0.749188
0.139649
0.648220
0.245306
0.259120
0.892683
0.789428
0.223667
0.277190
0.152968
0.305734
0.534402
0.842914
0.050435
0.768632
0.739571
