0.900418
0.465387
0.694490
0.149752
0.062451
0.441644
0.773433
0.367248
0.676667
0.750556
0.889618
0.957968
0.423663
0.806578
0.022224
0.647389
0.352378
0.181456
0.037058
0.870253
0.246359
0.048186
0.448889
0.695784
0.895875
0.286609
0.863098
0.002710
0.754650
0.797464
0.196886
0.574123
0.501152
0.463241
0.412714
0.484592
0.606646
0.151637
0.110735
0.604758
0.164282
0.866927
0.921532
0.121224
0.804552
0.178287
0.970065
0.194427
0.431672
0.842517
0.892344
0.036329
0.128481
0.666365
0.072067
0.933418
0.870712
0.336234
0.990697
0.014923
0.032213
0.826356
0.192224
0.609834
0.673827
0.768743
0.904465
0.070048
0.533375
0.280278
0.061955
0.731965
0.786912
0.591689
0.766053
0.884861
0.759181
0.052465
0.690484
0.826151
0.635170
0.403718
0.321457
0.845483
0.107350
0.514124
0.890644
0.127457
0.754310
0.270259
0.638847
0.108764
0.882052
0.462813
0.294650
0.877785
0.823471
0.400153
0.891155
0.084211
