0.667076
0.774213
0.718040
0.744847
0.290808
0.742326
0.477387
0.894368
0.663639
0.045251
0.747134
0.182615
0.457898
0.958435
0.533945
0.731849
0.914765
0.090869
0.024491
0.772207
0.242585
0.659608
0.092860
0.013926
0.714191
0.488763
0.166115
0.189299
0.010337
0.792697
0.511765
0.051116
0.320516
0.701309
0.109513
0.387244
0.116045
0.771984
0.055456
0.377924
0.779869
0.102661
0.675602
0.845877
0.244606
0.195244
0.875717
0.486017
0.540920
0.401834
0.515812
0.836222
0.973453
0.279581
0.179048
0.257007
0.814720
0.868040
0.667195
0.250178
0.474780
0.829429
0.654389
0.965091
0.098155
0.923702
0.323859
0.455664
0.375260
0.835718
0.920069
0.044516
0.690838
0.812405
0.230262
0.823884
0.385600
0.323085
0.653203
0.455770
0.228665
0.249894
0.410304
0.896459
0.784828
0.250178
0.372420
0.540461
0.455664
0.287398
0.138636
0.354935
0.615980
0.706939
0.756238
0.709398
0.385117
0.303017
0.860647
0.183392
