0.402825
0.584648
0.452587
0.626043
0.665654
0.336057
0.173778
0.180139
0.482841
0.013281
0.287951
0.439661
0.888587
0.556348
0.578445
0.443842
0.907014
0.003641
0.118514
0.667669
0.214940
0.834811
0.999153
0.941449
0.984371
0.160966
0.238582
0.176558
0.038089
0.418573
0.919848
0.084922
0.178776
0.926053
0.378306
0.410604
0.623200
0.266731
0.983760
0.457366
0.367623
0.188332
0.953130
0.551612
0.699195
0.948231
0.289536
0.214814
0.118399
0.639440
0.897206
0.178450
0.150692
0.115782
0.498708
0.667195
0.705533
0.006513
0.062278
0.823058
0.948523
0.057751
0.262867
0.310050
0.066390
0.484045
0.413519
0.889189
0.579731
0.037381
0.652610
0.237008
0.921095
0.080898
0.891325
0.615744
0.672288
0.907567
0.596510
0.873543
0.603107
0.149611
0.076628
0.659252
0.293766
0.272074
0.992144
0.803483
0.596392
0.435397
0.851835
0.074977
0.849013
0.969679
0.530186
0.368279
0.154984
0.906221
0.148724
0.130218
