0.476626
0.136717
0.578678
0.329832
0.675483
0.495826
0.193265
0.039841
0.409502
0.655931
0.567250
0.035651
0.570975
0.080108
0.134435
0.358609
0.847644
0.518291
0.956441
0.876977
0.277651
0.688480
0.425606
0.241060
0.844398
0.122205
0.773433
0.231666
0.614206
0.098545
0.519306
0.814825
0.306064
0.392200
0.371099
0.093824
0.669682
0.184338
0.967342
0.744503
0.647152
0.601928
0.579146
0.020708
0.158344
0.539774
0.551612
0.234291
0.920729
0.646915
0.845975
0.601339
0.184840
0.596745
0.690956
0.862910
0.906856
0.577626
0.676312
0.256935
0.657355
0.465602
0.245376
0.081915
0.789428
0.515812
0.260438
0.225893
0.684231
0.569578
0.387244
0.860457
0.959769
0.485359
0.042360
0.641457
0.767287
0.170145
0.465065
0.488434
0.943310
0.499929
0.438202
0.643592
0.605112
0.365846
0.045058
0.178395
0.022991
0.329397
0.909452
0.127131
0.123153
0.997788
0.285114
0.743358
0.683286
0.397589
0.024783
0.748047
