0.714541
0.399264
0.885558
0.978154
0.170720
0.217733
0.576925
0.350377
0.787241
0.744045
0.622489
0.972405
0.405408
0.112042
0.542296
0.447729
0.921969
0.014044
0.753060
0.558315
0.112775
0.290649
0.402329
0.886514
0.724088
0.286058
0.795518
0.961624
0.717340
0.253395
0.409502
0.794109
0.639559
0.669919
0.554383
0.590397
0.885384
0.941886
0.930984
0.993693
0.975362
0.748162
0.229330
0.524962
0.261246
0.779758
0.884161
0.652016
0.547235
0.842319
0.285822
0.907961
0.780311
0.651898
0.166371
0.364633
0.872997
0.876438
0.752946
0.516037
0.315675
0.715941
0.829837
0.633154
0.206792
0.435708
0.900418
0.536229
0.845286
0.813248
0.344780
0.552420
0.223277
0.190843
0.508627
0.441017
0.306395
0.866277
0.706471
0.639915
0.209253
0.236804
0.946994
0.746677
0.991825
0.262572
0.586524
0.072959
0.024491
0.516712
0.428787
0.161415
0.823368
0.294730
0.360548
0.686238
0.873270
0.958487
0.013985
0.455557
