0.854057
0.901152
0.121107
0.898941
0.099035
0.677258
0.170093
0.459605
0.955693
0.234968
0.600985
0.909842
0.490415
0.362401
0.517163
0.778098
0.463670
0.563996
0.551728
0.433222
0.055359
0.643474
0.267703
0.241268
0.614088
0.964479
0.925557
0.088887
0.371476
0.324548
0.749074
0.059903
0.684231
0.363423
0.582188
0.026324
0.653915
0.421725
0.029582
0.720019
0.148677
0.766951
0.641931
0.056633
0.499929
0.334823
0.166679
0.982952
0.994023
0.102021
0.692134
0.119940
0.402527
0.592394
0.956068
0.167038
0.197593
0.040592
0.344691
0.630902
0.844990
0.521905
0.076888
0.212801
0.226946
0.252463
0.366687
0.884599
0.381270
0.569810
0.920509
0.209810
0.826151
0.300562
0.686120
0.142051
0.016617
0.167192
0.773322
0.873816
0.382134
0.662809
0.756465
0.446046
0.517952
0.379165
0.902208
0.332803
0.142320
0.393666
0.030085
0.900336
0.175056
0.562835
0.897455
0.213114
0.003022
0.912551
0.278345
0.249681
