0.326793
0.479892
0.055768
0.089903
0.586055
0.285350
0.285193
0.515136
0.787460
0.739456
0.355760
0.753969
0.738306
0.574240
0.534402
0.255124
0.666484
0.039244
0.597334
0.149658
0.159280
0.652254
0.320004
0.834609
0.275196
0.036197
0.878590
0.006725
0.115707
0.975056
0.623200
0.227210
0.444891
0.307472
0.483607
0.938148
0.506391
0.616927
0.391518
0.819218
0.242446
0.866556
0.950600
0.068738
0.255052
0.654508
0.863192
0.359440
0.817026
0.857510
0.774324
0.258682
0.005367
0.319919
0.106999
0.817026
0.209253
0.121655
0.982462
0.968192
0.326014
0.343167
0.449416
0.467431
0.431878
0.786803
0.500151
0.103953
0.239681
0.474888
0.099429
0.450155
0.893190
0.699900
0.624858
0.793783
0.365006
0.625332
0.692841
0.948231
0.262867
0.726177
0.662098
0.227276
0.289853
0.610070
0.938083
0.342988
0.228400
0.676312
0.456089
0.257953
0.859224
0.906697
0.748162
0.757371
0.114437
0.779316
0.163372
0.005752
