0.581486
0.251247
0.157902
0.972690
0.956600
0.393079
0.421521
0.578445
0.151969
0.592864
0.039841
0.917401
0.410103
0.824194
0.731965
0.938469
0.030652
0.957077
0.243072
0.147147
0.031991
0.092213
0.339777
0.737501
0.540118
0.570975
0.549077
0.424174
0.455664
0.184226
0.585117
0.277805
0.309800
0.029463
0.762567
0.379165
0.949913
0.346219
0.963044
0.238444
0.809446
0.218756
0.595334
0.921386
0.538515
0.335440
0.199846
0.636593
0.376020
0.951734
0.543902
0.713490
0.079514
0.975590
0.478367
0.997904
0.139472
0.337117
0.933618
0.177097
0.625213
0.363609
0.060720
0.771315
0.549653
0.760649
0.578912
0.522697
0.977727
0.315675
0.591924
0.959820
0.795951
0.045300
0.294730
0.228467
0.007843
0.166064
0.957968
0.528708
0.938469
0.175484
0.372798
0.894872
0.773433
0.956441
0.711971
0.100022
0.889618
0.891070
0.146916
0.265240
0.311136
0.782407
0.218244
0.973013
0.418269
0.054954
0.784608
0.021944
