0.766838
0.991323
0.456621
0.546545
0.293124
0.868687
0.433946
0.135335
0.957759
0.370063
0.642999
0.780863
0.594393
0.235240
0.693783
0.883109
0.928228
0.846859
0.226221
0.487554
0.021716
0.664706
0.214624
0.220685
0.752150
0.823988
0.419487
0.037354
0.644067
0.965185
0.698842
0.527685
0.459605
0.291605
0.672643
0.267179
0.111714
0.520661
0.211488
0.117902
0.701192
0.304332
0.551843
0.921168
0.395723
0.086448
0.235851
0.796059
0.719903
0.734851
0.962215
0.250534
0.678795
0.739686
0.207774
0.039884
0.789319
0.032308
0.910620
0.544706
0.745762
0.600396
0.160270
0.975514
0.413721
0.360456
0.457472
0.191935
0.156388
0.721532
0.481966
0.832686
0.668853
0.663521
0.086535
0.505944
0.115782
0.952351
0.812827
0.968457
0.619766
0.149846
0.046706
0.614798
0.651660
0.168534
0.797572
0.075079
0.115782
0.253827
0.001505
0.905105
0.252534
0.638847
0.330093
0.039499
0.853479
0.479783
0.801339
0.778763
