0.855308
0.116952
0.211177
0.037005
0.907961
0.416649
0.611842
0.911858
0.316267
0.243908
0.326274
0.054303
0.601692
0.820362
0.145584
0.150645
0.934750
0.137761
0.475540
0.253971
0.072934
0.527912
0.116460
0.852706
0.173089
0.130593
0.137892
0.764480
0.792588
0.002945
0.635645
0.795951
0.716291
0.214687
0.469694
0.690838
0.034207
0.307140
0.752378
0.926547
0.542640
0.476409
0.912243
0.752036
0.857033
0.391615
0.402230
0.595334
0.177097
0.977763
0.867113
0.497044
0.351013
0.022855
0.300726
0.394253
0.916727
0.079218
0.555307
0.409001
0.911935
0.620122
0.420300
0.556579
0.233212
0.004503
0.607945
0.591454
0.875717
0.372231
0.816084
0.455451
0.980776
0.941762
0.317707
0.679859
0.838030
0.615507
0.321371
0.581954
0.911549
0.158196
0.471639
0.767287
0.313315
0.457046
0.636593
0.780311
0.231063
0.602282
0.173566
0.753514
0.316267
0.143085
0.625806
0.842418
0.145629
0.736925
0.688480
0.399067
