0.687890
0.533489
0.598629
0.228268
0.276192
0.729189
0.276959
0.595216
0.375830
0.854346
0.976191
0.584531
0.263385
0.071380
0.609598
0.417661
0.717340
0.041908
0.417965
0.055224
0.834911
0.192975
0.783949
0.518629
0.912166
0.413721
0.979097
0.991283
0.704009
0.807323
0.977691
0.708579
0.075953
0.768408
0.099758
0.741064
0.954230
0.054608
0.933284
0.661149
0.571208
0.788773
0.940696
0.760085
0.313904
0.864784
0.042073
0.128440
0.827895
0.474238
0.352743
0.929682
0.948523
0.485688
0.564112
0.194893
0.315421
0.089813
0.053470
0.877067
0.706471
0.357229
0.034096
0.256717
0.074722
0.300155
0.333329
0.425811
0.094450
0.476409
0.403817
0.392884
0.965044
0.941574
0.627346
0.467754
0.191705
0.210555
0.054954
0.299015
0.542525
0.850572
0.020546
0.893611
0.718971
0.000142
0.859984
0.348385
0.929544
0.006662
0.303099
0.177151
0.088798
0.653796
0.398870
0.990258
0.470558
0.113511
0.900336
0.009457
