0.405110
0.966663
0.530072
0.221201
0.815035
0.782848
0.445941
0.038281
0.762116
0.855692
0.316859
0.255052
0.229995
0.711387
0.230729
0.939556
0.702249
0.075927
0.848720
0.050471
0.594157
0.284644
0.227672
0.504270
0.190384
0.385986
0.596745
0.010625
0.181017
0.591571
0.928088
0.733466
0.119090
0.799081
0.071233
0.186692
0.980315
0.943310
0.536914
0.045332
0.543213
0.999400
0.367435
0.656999
0.578795
0.361938
0.995240
0.995551
0.236667
0.827895
0.420910
0.810716
0.453859
0.263977
0.646321
0.947467
0.763693
0.319919
0.444786
0.405309
0.644542
0.580901
0.382710
0.089963
0.392493
0.970703
0.114586
0.618701
0.272150
0.969549
0.097442
0.434464
0.685648
0.715008
0.741867
0.874994
0.919480
0.477278
0.821919
0.242168
0.028821
0.585586
0.252749
0.225171
0.426016
0.779316
0.745762
0.783068
0.096670
0.603461
0.506950
0.079892
0.354203
0.086797
0.381942
0.563416
0.497598
0.610188
0.332540
0.197063
