0.387147
0.585351
0.945380
0.195595
0.188502
0.113622
0.969202
0.445626
0.419893
0.251033
0.111460
0.736119
0.468508
0.377257
0.298122
0.751467
0.820570
0.337559
0.055437
0.625095
0.449627
0.401042
0.252105
0.736579
0.576809
0.404314
0.576225
0.411608
0.876798
0.161066
0.543672
0.254187
0.768184
0.835315
0.485688
0.349108
0.513674
0.596275
0.258828
0.892259
0.438306
0.602635
0.670985
0.153350
0.759181
0.341915
0.492620
0.110519
0.415335
0.986980
0.486237
0.959565
0.786693
0.657710
0.983760
0.017568
0.204658
0.015944
0.841822
0.005278
0.806578
0.060258
0.844793
0.492289
0.970746
0.697431
0.502487
0.324806
0.105535
0.669445
0.064094
0.040085
0.750101
0.789537
0.947112
0.983907
0.976930
0.879304
0.406205
0.131681
0.682459
0.612433
0.880903
0.214687
0.496712
0.801661
0.299097
0.860268
0.285743
0.317283
0.590632
0.252965
0.496047
0.175484
0.131891
0.988765
0.210058
0.860173
0.352196
0.216079
