0.734043
0.448045
0.121772
0.795409
0.813459
0.645016
0.315506
0.743014
0.777988
0.330617
0.976079
0.679150
0.564112
0.675838
0.891920
0.026904
0.590984
0.996615
0.418675
0.301543
0.702249
0.641813
0.737040
0.682105
0.021554
0.815245
0.292084
0.457472
0.658778
0.541034
0.408001
0.692723
0.434464
0.487664
0.037421
0.617991
0.595451
0.162667
0.536571
0.462170
0.537028
0.205388
0.479238
0.875807
0.804338
0.163776
0.924418
0.911472
0.384442
0.573307
0.083900
0.926828
0.134093
0.210555
0.023987
0.970703
0.987660
0.825945
0.660794
0.980874
0.478802
0.940759
0.991382
0.497931
0.032155
0.075798
0.401339
0.540461
0.244466
0.248758
0.579380
0.417256
0.802090
0.226880
0.158540
0.306560
0.671104
0.847742
0.275120
0.643118
0.666010
0.690602
0.750670
0.412714
0.036355
0.634814
0.556348
0.925770
0.016523
0.159873
0.471098
0.703187
0.799189
0.996444
0.343077
0.115370
0.083000
0.436539
0.140446
0.139649
