0.342630
0.249894
0.925202
0.761214
0.860930
0.024573
0.497598
0.206854
0.509075
0.951112
0.938083
0.068643
0.214624
0.004664
0.628413
0.780311
0.668379
0.145767
0.785157
0.489314
0.896125
0.858654
0.760311
0.313568
0.727684
0.196181
0.888931
0.326187
0.404215
0.615625
0.221718
0.922910
0.142770
0.915749
0.646203
0.348385
0.575290
0.096638
0.540805
0.398377
0.165911
0.626043
0.853286
0.364913
0.478476
0.702014
0.188162
0.057610
0.602753
0.982462
0.871353
0.876887
0.838330
0.347933
0.592159
0.370534
0.401141
0.412815
0.569345
0.621424
0.596863
0.087498
0.914538
0.437266
0.428993
0.401042
0.874722
0.262572
0.604758
0.717690
0.913011
0.190327
0.854346
0.530413
0.562023
0.569578
0.197948
0.180085
0.120483
0.164891
0.260218
0.413620
0.129678
0.737961
0.245026
0.792588
0.524848
0.326360
0.341380
0.042300
0.584179
0.305651
0.074493
0.308967
0.372420
0.860078
0.027832
0.406704
0.914462
0.984600
