0.390057
0.903662
0.428787
0.090144
0.000611
0.167862
0.850475
0.882933
0.169728
0.311721
0.634696
0.631850
0.636356
0.059882
0.543328
0.625569
0.436539
0.128030
0.517050
0.743129
0.007239
0.541378
0.568879
0.907172
0.790955
0.507061
0.522697
0.764368
0.250178
0.164384
0.133073
0.786474
0.002409
0.006835
0.839031
0.810081
0.943862
0.190327
0.074519
0.871811
0.152301
0.823678
0.766614
0.346940
0.008803
0.915522
0.126561
0.112115
0.599100
0.678559
0.208266
0.982770
0.929613
0.721183
0.743129
0.445311
0.213052
0.315844
0.280045
0.291446
0.578211
0.493503
0.802519
0.588636
0.138286
0.395330
0.054723
0.300807
0.556348
0.206854
0.996290
0.643355
0.454071
0.621069
0.269882
0.105778
0.993235
0.703070
0.300155
0.195595
0.790083
0.671340
0.151637
0.823678
0.949798
0.288426
0.838931
0.180139
0.002787
0.827485
0.487444
0.111860
0.208513
0.017233
0.997627
0.846958
0.007976
0.565855
0.670156
0.724553
