0.116725
0.351377
0.122244
0.752264
0.464314
0.009632
0.533489
0.369123
0.300399
0.776435
0.215066
0.983494
0.878232
0.117027
0.605466
0.906221
0.844299
0.230729
0.937242
0.332978
0.285271
0.691192
0.659845
0.028027
0.448994
0.636593
0.259559
0.748732
0.490745
0.515024
0.099890
0.114400
0.791500
0.530641
0.028663
0.723043
0.092428
0.620832
0.533261
0.497709
0.600396
0.842815
0.948114
0.579965
0.579146
0.243629
0.942198
0.855500
0.304826
0.303263
0.451846
0.828305
0.721183
0.456621
0.299422
0.642169
0.768296
0.235715
0.338889
0.230796
0.037273
0.783729
0.765491
0.657473
0.703070
0.447624
0.078897
0.407202
0.374596
0.991995
0.609598
0.166115
0.585000
0.992946
0.199192
0.115145
0.115557
0.590514
0.828918
0.101451
0.830653
0.692723
0.042787
0.804445
0.968941
0.696137
0.809869
0.408301
0.974438
0.232808
0.112335
0.387050
0.128810
0.575524
0.692841
0.023686
0.626635
0.262867
0.316690
0.139208
