0.090597
0.654152
0.733466
0.338534
0.219141
0.296907
0.265389
0.082470
0.292804
0.176881
0.893274
0.523942
0.013852
0.017278
0.528594
0.740834
0.423152
0.616927
0.620595
0.094324
0.128687
0.399166
0.236327
0.270410
0.017555
0.568297
0.579497
0.525302
0.057050
0.374976
0.066803
0.909920
0.849208
0.937112
0.486456
0.398476
0.989383
0.677968
0.531324
0.336940
0.772988
0.016750
0.110483
0.805299
0.048460
0.599218
0.006003
0.247274
0.092644
0.323515
0.224124
0.326360
0.771873
0.245937
0.677021
0.786693
0.227078
0.280355
0.051296
0.094985
0.264126
0.819322
0.380600
0.463563
0.310634
0.118017
0.207897
0.545510
0.523263
0.105535
0.704595
0.857892
0.852899
0.033336
0.848720
0.241129
0.892429
0.837528
0.160866
0.725829
0.363888
0.540232
0.977222
0.680687
0.752605
0.375735
0.005144
0.380600
0.708462
0.947762
0.451952
0.939556
0.284252
0.009756
0.581954
0.970279
0.621187
0.188559
0.238925
0.442690
