0.698254
0.392591
0.980182
0.848916
0.162466
0.045591
0.270410
0.707525
0.951282
0.117027
0.020685
0.588518
0.836725
0.501374
0.516375
0.677376
0.233279
0.209315
0.307306
0.946340
0.799620
0.029485
0.683168
0.062581
0.714658
0.758390
0.605938
0.379165
0.080271
0.256282
0.031206
0.618938
0.201580
0.012004
0.202421
0.579146
0.894452
0.303263
0.799727
0.124466
0.501263
0.963670
0.712672
0.615507
0.920802
0.322485
0.820154
0.378306
0.033997
0.982089
0.631020
0.721299
0.426938
0.011083
0.888759
0.090506
0.391128
0.314662
0.191072
0.045867
0.586055
0.241268
0.604758
0.928436
0.055554
0.933685
0.006544
0.316520
0.787241
0.716291
0.509971
0.988765
0.035189
0.617045
0.671340
0.339066
0.968809
0.835819
0.686710
0.573540
0.451529
0.443004
0.801554
0.608299
0.817653
0.578445
0.371193
0.537714
0.153685
0.470234
0.901315
0.960174
0.966480
0.096798
0.008535
0.231264
0.384153
0.012004
0.722578
0.770309
