0.845286
0.868317
0.474563
0.028843
0.327052
0.020492
0.415739
0.650711
0.028758
0.474238
0.383961
0.339244
0.185680
0.708930
0.858749
0.092152
0.143899
0.234224
0.670867
0.153925
0.609834
0.814825
0.955209
0.374596
0.435501
0.981456
0.317537
0.328788
0.242516
0.543328
0.583476
0.281520
0.178070
0.646440
0.325496
0.606882
0.245446
0.896625
0.159230
0.758050
0.626161
0.199133
0.953074
0.738306
0.489314
0.041371
0.402428
0.377067
0.700957
0.352560
0.714541
0.408401
0.823368
0.468400
0.902775
0.932409
0.204537
0.139561
0.700957
0.529845
0.347842
0.568530
0.061038
0.543213
0.232673
0.276192
0.961575
0.202843
0.388892
0.574590
0.401537
0.481639
0.602046
0.277805
0.989540
0.135895
0.374976
0.255124
0.932544
0.386566
0.989629
0.466140
0.554960
0.259925
0.728263
0.351559
0.626872
0.548962
0.128194
0.879927
0.612079
0.305982
0.566320
0.563532
0.288663
0.230529
0.403122
0.084070
0.789646
0.118476
