0.365192
0.254403
0.641813
0.056653
0.912858
0.547005
0.013799
0.149846
0.687300
0.152539
0.424685
0.475974
0.259339
0.808173
0.611488
0.776213
0.553343
0.573423
0.581486
0.412111
0.749417
0.660201
0.438827
0.561791
0.907251
0.129140
0.785267
0.323171
0.844990
0.465602
0.291525
0.713140
0.913623
0.140091
0.188900
0.161315
0.318642
0.914386
0.239337
0.310885
0.707408
0.503378
0.724785
0.130093
0.354295
0.930026
0.421317
0.028484
0.077124
0.224189
0.363144
0.668498
0.083056
0.893527
0.058338
0.223994
0.425401
0.522357
0.703422
0.885993
0.651898
0.837428
0.118706
0.299178
0.839630
0.108444
0.835718
0.961723
0.352014
0.853865
0.536000
0.142770
0.581486
0.017978
0.172666
0.002202
0.054150
0.396017
0.140668
0.537486
0.517276
0.917923
0.070216
0.360456
0.076888
0.379069
0.395134
0.770198
0.562255
0.816712
0.523036
0.213491
0.424071
0.712205
0.560516
0.807854
0.272985
0.108978
0.947762
0.410003
