0.824194
0.143763
0.235715
0.354203
0.664943
0.055069
0.727684
0.289456
0.584883
0.567715
0.834508
0.361011
0.616217
0.172138
0.860173
0.804872
0.780200
0.280666
0.433325
0.173566
0.223016
0.655575
0.715941
0.529276
0.530641
0.411608
0.727800
0.627583
0.074341
0.893190
0.160369
0.363702
0.785706
0.250962
0.066185
0.832077
0.764255
0.424174
0.724785
0.608063
0.845680
0.199846
0.969980
0.223407
0.684703
0.854346
0.685412
0.790083
0.985686
0.041624
0.467323
0.485359
0.736119
0.101853
0.245096
0.113954
0.353929
0.163423
0.739915
0.973810
0.123153
0.523489
0.560980
0.913471
0.562603
0.190900
0.166166
0.283157
0.245096
0.002913
0.738881
0.510532
0.856554
0.754082
0.475757
0.635407
0.234021
0.440391
0.275885
0.130927
0.834710
0.775769
0.972037
0.711620
0.479892
0.351104
0.479783
0.679150
0.731156
0.982555
0.308385
0.451846
0.753060
0.749188
0.665891
0.540920
0.974710
0.521905
0.311052
0.469694
