0.461635
0.405209
0.123828
0.336587
0.274890
0.243559
0.974321
0.713490
0.910154
0.478693
0.388212
0.361845
0.260145
0.335352
0.419995
0.503490
0.063410
0.512888
0.482185
0.875446
0.366033
0.152444
0.457366
0.999074
0.343704
0.718855
0.629835
0.686946
0.103237
0.744732
0.784059
0.685648
0.606410
0.374407
0.561327
0.199073
0.320346
0.657236
0.868410
0.539431
0.633984
0.226616
0.910154
0.700135
0.344511
0.013990
0.604168
0.347752
0.279658
0.998689
0.604404
0.398476
0.156680
0.079919
0.510980
0.241822
0.430434
0.232270
0.298447
0.070385
0.232068
0.923774
0.002834
0.145127
0.281209
0.481092
0.826972
0.122599
0.406903
0.130468
0.545625
0.992070
0.703422
0.959105
0.314409
0.038963
0.813459
0.579497
0.054704
0.027103
0.335352
0.179157
0.862722
0.697431
0.706705
0.247839
0.635763
0.150551
0.589457
0.968147
0.665417
0.419385
0.256209
0.883021
0.923989
0.110808
0.050954
0.299341
0.573074
0.660201
