0.761890
0.289218
0.571325
0.301216
0.968589
0.376305
0.033542
0.862816
0.167141
0.066757
0.815035
0.172085
0.047458
0.692016
0.923630
0.330878
0.478258
0.224320
0.503824
0.565158
0.228400
0.052244
0.127539
0.770645
0.995079
0.688008
0.188786
0.018690
0.923054
0.366874
0.692959
0.552535
0.861969
0.355668
0.397393
0.107596
0.055885
0.479020
0.356494
0.353290
0.889703
0.871719
0.425811
0.368279
0.740834
0.449627
0.539431
0.318642
0.087469
0.753173
0.065889
0.575174
0.081998
0.817966
0.618583
0.363888
0.728611
0.377638
0.997009
0.975514
0.353746
0.634933
0.622371
0.388116
0.591102
0.064471
0.215699
0.745076
0.825328
0.577743
0.859224
0.280045
0.761778
0.207099
0.920289
0.195888
0.920363
0.580901
0.843607
0.207467
0.598511
0.539087
0.967970
0.829429
0.302689
0.521452
0.354752
0.488983
0.570742
0.866649
0.772207
0.562719
0.322313
0.173937
0.099956
0.486676
0.112811
0.859699
0.208574
0.996003
