0.337117
0.162919
0.630902
0.176612
0.328440
0.815874
0.553574
0.440600
0.508851
0.028991
0.440182
0.936134
0.740834
0.372703
0.189413
0.192686
0.628294
0.937437
0.152064
0.673827
0.019909
0.598865
0.281442
0.373365
0.816398
0.996801
0.009621
0.002536
0.166833
0.135636
0.291525
0.457472
0.857797
0.546430
0.633984
0.656524
0.869148
0.209996
0.490965
0.765491
0.746791
0.280821
0.295938
0.539087
0.309883
0.108551
0.163524
0.149237
0.673471
0.158737
0.839331
0.830143
0.655813
0.240163
0.933015
0.765042
0.474780
0.437058
0.571441
0.560168
0.372987
0.481857
0.331228
0.227606
0.416750
0.117445
0.975095
0.042345
0.444891
0.056120
0.413922
0.254691
0.993168
0.457366
0.424276
0.474671
0.996730
0.481748
0.858273
0.876977
0.878590
0.109120
0.036067
0.048272
0.968677
0.356585
0.011019
0.790083
0.152539
0.046507
0.704478
0.675247
0.906300
0.949047
0.901478
0.137586
0.022609
0.596510
0.301624
0.798435
