0.815769
0.295454
0.243768
0.798435
0.027334
0.223277
0.116498
0.928991
0.641813
0.372042
0.421012
0.539660
0.400054
0.718971
0.595686
0.003318
0.384346
0.513562
0.888329
0.899599
0.473046
0.708228
0.324031
0.476952
0.575874
0.855116
0.960878
0.480110
0.221460
0.476952
0.299829
0.603107
0.276192
0.143627
0.172666
0.271392
0.636831
0.174523
0.647982
0.390641
0.501819
0.213931
0.280433
0.352378
0.709164
0.098447
0.257225
0.956494
0.400943
0.642287
0.037611
0.666958
0.229596
0.022626
0.729537
0.555307
0.658659
0.480001
0.213052
0.883548
0.749645
0.469047
0.625569
0.497487
0.608889
0.481857
0.318047
0.714074
0.190843
0.427041
0.336587
0.779316
0.442167
0.244606
0.808279
0.273594
0.530072
0.335440
0.572957
0.836020
0.182450
0.898282
0.101384
0.768072
0.024903
0.784388
0.872724
0.947467
0.007045
0.708345
0.281287
0.209872
0.154165
0.896375
0.574240
0.571558
0.418370
0.813248
0.844793
0.000041
