0.207712
0.771650
0.466570
0.093761
0.253036
0.853768
0.469155
0.550690
0.607354
0.654508
0.678441
0.640982
0.710685
0.672051
0.369217
0.828202
0.210679
0.587345
0.665417
0.936917
0.055787
0.984285
0.188048
0.958797
0.708696
0.704009
0.612315
0.708228
0.325410
0.813459
0.436123
0.926194
0.703891
0.786803
0.182505
0.926899
0.196240
0.107631
0.723275
0.355393
0.790301
0.714191
0.691663
0.930916
0.281598
0.881080
0.152444
0.165451
0.659845
0.449099
0.348837
0.403917
0.344601
0.550690
0.774880
0.625095
0.914310
0.962411
0.414023
0.051586
0.860930
0.142770
0.686474
0.304826
0.887898
0.514012
0.740375
0.677731
0.517614
0.186748
0.554960
0.148119
0.254908
0.247486
0.641338
0.987260
0.949452
0.742899
0.437682
0.607708
0.073735
0.250534
0.231398
0.862345
0.296503
0.075541
0.506279
0.524055
0.195946
0.053772
0.330704
0.853961
0.900826
0.397098
0.682814
0.899927
0.710919
0.972487
0.599807
0.857701
