0.568414
0.448045
0.576809
0.690131
0.524282
0.768967
0.005784
0.534402
0.565390
0.137761
0.830143
0.528367
0.150692
0.706002
0.716991
0.737961
0.716991
0.059178
0.803055
0.071355
0.249610
0.993450
0.911858
0.131345
0.284644
0.820258
0.787460
0.950372
0.109871
0.040914
0.192917
0.555076
0.830347
0.502376
0.926124
0.912858
0.036316
0.264052
0.501931
0.418269
0.627702
0.865251
0.558546
0.139605
0.510532
0.529845
0.612079
0.967252
0.653084
0.592982
0.909373
0.815665
0.701544
0.882581
0.795301
0.570160
0.574824
0.258828
0.521792
0.852416
0.984342
0.462920
0.236463
0.526890
0.406006
0.775547
0.884511
0.010072
0.159082
0.450472
0.689659
0.688598
0.117750
0.119979
0.755104
0.805406
0.147470
0.551036
0.184617
0.034670
0.685058
0.097120
0.338978
0.648220
0.480001
0.253036
0.421114
0.650593
0.231398
0.727452
0.758050
0.083084
0.417560
0.537028
0.348294
0.558315
0.765716
0.156827
0.329832
0.010625
