0.109370
0.312560
0.322313
0.906141
0.526550
0.781525
0.583945
0.518742
0.286215
0.777212
0.242516
0.905345
0.737731
0.954121
0.373933
0.846368
0.935937
0.812616
0.717806
0.750442
0.131219
0.853189
0.340400
0.888673
0.428273
0.952741
0.171507
0.373649
0.622016
0.761778
0.519871
0.510532
0.839531
0.177205
0.321885
0.166833
0.469586
0.945741
0.566436
0.825534
0.702249
0.812616
0.517050
0.812511
0.375925
0.276729
0.394449
0.386083
0.967252
0.262424
0.601221
0.220427
0.441644
0.897952
0.130927
0.850475
0.231733
0.810504
0.723624
0.483060
0.801232
0.631139
0.683877
0.931868
0.276268
0.447308
0.790628
0.829225
0.424071
0.553921
0.852319
0.230796
0.931868
0.596745
0.722810
0.355576
0.032461
0.156388
0.381079
0.488324
0.299341
0.867206
0.747591
0.257734
0.620358
0.797356
0.819530
0.151306
0.809128
0.060699
0.272985
0.756351
0.250890
0.699195
0.359347
0.288663
0.438931
0.786912
0.825328
0.267628
