0.600514
0.609125
0.101719
0.418370
0.762679
0.859414
0.569810
0.236735
0.175431
0.063454
0.656406
0.481857
0.311470
0.106929
0.104741
0.500818
0.890899
0.944776
0.633391
0.398870
0.846565
0.220620
0.211613
0.766614
0.421215
0.976377
0.128728
0.187708
0.556116
0.124707
0.621897
0.140091
0.555307
0.463348
0.136283
0.755558
0.790410
0.582422
0.007319
0.132819
0.219976
0.657592
0.036015
0.539316
0.185176
0.724436
0.577276
0.811350
0.338268
0.050810
0.844990
0.659134
0.541952
0.754196
0.761552
0.473587
0.643592
0.428993
0.632443
0.806791
0.072289
0.913776
0.060510
0.363144
0.975362
0.294489
0.612670
0.606764
0.321029
0.430125
0.921823
0.960477
0.058726
0.726061
0.998212
0.439869
0.989361
0.602046
0.414326
0.794651
0.682578
0.077781
0.373271
0.426938
0.330617
0.885819
0.230329
0.019715
0.027486
0.274661
0.494940
0.790519
0.530755
0.874179
0.888501
0.002673
0.768520
0.371005
0.269957
0.382902
