0.557389
0.454814
0.135507
0.665891
0.617400
0.192859
0.852222
0.337117
0.305239
0.180413
0.301706
0.328006
0.100551
0.778763
0.598982
0.117065
0.030384
0.757597
0.459284
0.278036
0.945561
0.407602
0.318556
0.975892
0.638373
0.339155
0.261025
0.511765
0.412915
0.494609
0.832280
0.040636
0.057994
0.148212
0.906538
0.109013
0.646203
0.193961
0.390349
0.521113
0.420503
0.697666
0.776879
0.666128
0.087235
0.099330
0.932409
0.611724
0.264126
0.377638
0.257153
0.539087
0.505944
0.668616
0.107631
0.307389
0.715941
0.667550
0.804124
0.785487
0.973213
0.946041
0.376971
0.419588
0.249042
0.753969
0.169832
0.661387
0.364167
0.271771
0.305816
0.994251
0.645372
0.476735
0.799404
0.300399
0.515024
0.890558
0.003789
0.032284
0.272757
0.072785
0.352925
0.509523
0.260805
0.504605
0.213177
0.442272
0.312476
0.521905
0.042863
0.395330
0.205875
0.162316
0.135163
0.508292
0.809234
0.061912
0.623674
0.602282
