0.769191
0.548041
0.154935
0.920436
0.041120
0.900009
0.743931
0.349743
0.496601
0.984457
0.952852
0.066688
0.292564
0.880016
0.700135
0.408201
0.905025
0.426631
0.317283
0.434360
0.638135
0.590162
0.350741
0.170406
0.428273
0.107209
0.830653
0.343256
0.076419
0.595569
0.374217
0.015233
0.441331
0.592159
0.166781
0.465602
0.350105
0.090355
0.976673
0.074798
0.124027
0.356769
0.636593
0.127171
0.332190
0.514686
0.631732
0.351286
0.856076
0.252248
0.795301
0.634577
0.806365
0.814300
0.950942
0.162667
0.860647
0.781856
0.343615
0.559473
0.837428
0.201820
0.169208
0.674182
0.798650
0.080244
0.236599
0.816712
0.259266
0.737270
0.378592
0.888157
0.548616
0.245376
0.249042
0.659371
0.661031
0.565506
0.434982
0.867020
0.129182
0.818384
0.722694
0.455026
0.364167
0.510868
0.344870
0.163473
0.496379
0.627465
0.377924
0.208821
0.804018
0.598747
0.492178
0.326447
0.348385
0.651186
0.542754
0.972527
