0.249538
0.847644
0.764817
0.981231
0.971416
0.459498
0.569810
0.537143
0.183059
0.045461
0.243978
0.942384
0.761890
0.027314
0.045219
0.160022
0.310300
0.782077
0.884424
0.148817
0.763130
0.040549
0.309883
0.694607
0.915220
0.019597
0.471747
0.124147
0.710919
0.084780
0.993867
0.404115
0.499152
0.811033
0.299178
0.040432
0.045187
0.715824
0.302115
0.935279
0.404612
0.647271
0.279039
0.487115
0.586407
0.654270
0.819946
0.468292
0.074875
0.201820
0.410805
0.463992
0.016542
0.980215
0.821919
0.639084
0.418776
0.609834
0.670748
0.733582
0.115520
0.246218
0.769415
0.546775
0.432085
0.623200
0.732658
0.684822
0.431156
0.903098
0.756011
0.183558
0.524848
0.169780
0.135163
0.182615
0.543558
0.288188
0.676430
0.229929
0.656168
0.493061
0.300644
0.321457
0.545510
0.408101
0.531438
0.387534
0.559241
0.932004
0.563184
0.149893
0.213994
0.308800
0.497709
0.151164
0.559705
0.923342
0.693783
0.765491
