0.492068
0.875807
0.159576
0.417256
0.288742
0.020958
0.651067
0.670511
0.098904
0.198125
0.276038
0.315421
0.504382
0.053583
0.399264
0.711737
0.403023
0.018789
0.842418
0.303510
0.636119
0.185680
0.021554
0.553921
0.882052
0.332015
0.180304
0.071870
0.914005
0.151637
0.678086
0.358794
0.730578
0.175377
0.474021
0.309716
0.888673
0.694372
0.410103
0.396508
0.532691
0.580901
0.424174
0.237145
0.697196
0.789756
0.450472
0.516375
0.878501
0.497931
0.241614
0.866927
0.599100
0.603225
0.985385
0.880016
0.882933
0.497931
0.470450
0.716757
0.159724
0.866184
0.820674
0.112738
0.449310
0.657829
0.886514
0.149986
0.782077
0.884074
0.700017
0.639677
0.999108
0.298934
0.745419
0.344242
0.229330
0.432188
0.811456
0.364167
0.892174
0.905903
0.885906
0.085237
0.684349
0.906856
0.914841
0.144580
0.281520
0.690131
0.975779
0.827178
0.334735
0.336410
0.002063
0.217160
0.544247
0.739571
0.890558
0.912705
