0.066436
0.748504
0.921969
0.663165
0.527004
0.300318
0.149846
0.678086
0.390447
0.937825
0.314493
0.688480
0.708228
0.307389
0.836222
0.870620
0.959208
0.626872
0.580784
0.298690
0.202722
0.917401
0.119592
0.316944
0.050900
0.131345
0.431156
0.542754
0.371570
0.326274
0.568297
0.193497
0.407702
0.771538
0.493945
0.167759
0.475648
0.819634
0.201101
0.781415
0.408601
0.333944
0.834407
0.707408
0.272605
0.918443
0.374691
0.223602
0.330355
0.549307
0.853865
0.565274
0.727336
0.765828
0.521226
0.819426
0.994590
0.565158
0.302443
0.722694
0.136197
0.924775
0.940822
0.058603
0.351559
0.456089
0.248758
0.592629
0.764030
0.601457
0.295616
0.695549
0.094105
0.333154
0.169312
0.722345
0.295777
0.588518
0.154309
0.173142
0.269430
0.489754
0.667787
0.477278
0.354752
0.832381
0.264274
0.098675
0.937242
0.285193
0.029130
0.455557
0.037018
0.636000
0.290489
0.119708
0.380312
0.908982
0.862910
0.539316
