0.487335
0.522697
0.115070
0.388503
0.708930
0.135077
0.535315
0.196768
0.683877
0.554614
0.601928
0.804872
0.683641
0.771761
0.426528
0.805512
0.569345
0.549307
0.584297
0.466570
0.106474
0.443633
0.038212
0.055534
0.184393
0.597923
0.667076
0.439140
0.336057
0.191360
0.475323
0.037448
0.128481
0.072487
0.488214
0.289059
0.287556
0.498819
0.348746
0.318047
0.584883
0.877157
0.530641
0.999589
0.747248
0.813143
0.813669
0.585234
0.930437
0.919258
0.501486
0.074773
0.160220
0.766502
0.434464
0.268453
0.146824
0.883285
0.039061
0.881699
0.736119
0.801661
0.883021
0.476409
0.664350
0.523942
0.836926
0.022812
0.757824
0.678086
0.788117
0.317622
0.395527
0.837929
0.407202
0.105570
0.331752
0.766053
0.229197
0.835920
0.154165
0.202903
0.767847
0.892936
0.598629
0.248546
0.702131
0.278345
0.386663
0.529617
0.649881
0.916802
0.075233
0.049904
0.910309
0.573890
0.495383
0.647864
0.664350
0.880371
