0.838731
0.499818
0.581486
0.645609
0.109943
0.671222
0.947172
0.626991
0.235579
0.742097
0.777212
0.168172
0.576341
0.012742
0.044484
0.490525
0.199489
0.758955
0.228334
0.003266
0.198539
0.185456
0.414628
0.418573
0.769527
0.625095
0.987461
0.543672
0.901233
0.364913
0.885819
0.075644
0.974047
0.551151
0.727800
0.525529
0.047761
0.699312
0.835315
0.133667
0.342362
0.625806
0.884599
0.637898
0.503378
0.648932
0.108409
0.209130
0.687772
0.133242
0.489864
0.864036
0.171087
0.917848
0.444052
0.372798
0.960828
0.188786
0.107772
0.114140
0.709281
0.538744
0.789865
0.996931
0.379260
0.352287
0.660438
0.842418
0.057892
0.673235
0.948523
0.182505
0.853479
0.483497
0.422948
0.728726
0.104364
0.017509
0.062951
0.596981
0.408101
0.187652
0.052891
0.857415
0.213114
0.850767
0.279890
0.170511
0.398082
0.296180
0.026256
0.777323
0.657948
0.945380
0.992254
0.370440
0.520096
0.464099
0.843310
0.276575
