0.966021
0.513562
0.547120
0.189869
0.551612
0.138856
0.401735
0.993597
0.750328
0.891240
0.503156
0.392591
0.569578
0.223342
0.878322
0.604050
0.535315
0.883109
0.836121
0.972690
0.913776
0.387825
0.620832
0.369311
0.504605
0.482403
0.763017
0.028589
0.321799
0.283391
0.963718
0.224385
0.354478
0.672288
0.375071
0.077412
0.887121
0.895290
0.844595
0.385503
0.437578
0.270033
0.489203
0.481092
0.681632
0.532805
0.106091
0.548156
0.137368
0.734851
0.120211
0.093730
0.458751
0.028213
0.687300
0.286451
0.509971
0.683523
0.986117
0.087469
0.729537
0.778431
0.490194
0.873088
0.197063
0.729074
0.390738
0.974787
0.186185
0.686238
0.513562
0.586758
0.668498
0.039670
0.371948
0.312140
0.574007
0.225827
0.072314
0.230395
0.121185
0.776213
0.080925
0.959921
0.954285
0.683050
0.611606
0.977439
0.253324
0.299503
0.167656
0.476735
0.570975
0.777544
0.860268
0.244676
0.744160
0.461207
0.232875
0.372703
