0.106684
0.564693
0.004254
0.382999
0.364540
0.065843
0.338357
0.979337
0.770086
0.526777
0.084438
0.338800
0.250463
0.197889
0.422030
0.878590
0.292964
0.339333
0.884773
0.913471
0.218692
0.078603
0.534402
0.875084
0.267104
0.768072
0.677495
0.199430
0.398673
0.750101
0.259559
0.593805
0.188786
0.379165
0.451740
0.607945
0.584414
0.023810
0.489754
0.483169
0.507844
0.345140
0.486017
0.124427
0.380695
0.295374
0.349924
0.163928
0.212300
0.633747
0.812511
0.904545
0.545855
0.317537
0.594275
0.018626
0.940759
0.964857
0.003233
0.446572
0.074646
0.585938
0.993515
0.927739
0.518629
0.938019
0.754082
0.789100
0.338711
0.254980
0.299259
0.503490
0.218692
0.518967
0.857797
0.612670
0.035266
0.735658
0.195069
0.078817
0.616335
0.719321
0.512888
0.192570
0.097765
0.131975
0.814090
0.249255
0.766502
0.867298
0.355760
0.216905
0.291685
0.457046
0.596392
0.835617
0.449838
0.919110
0.244956
0.037462
