0.245026
0.633154
0.860268
0.592512
0.768743
0.189413
0.533945
0.776768
0.707993
0.280976
0.542410
0.967612
0.312644
0.086855
0.618820
0.996222
0.389280
0.074900
0.054819
0.038851
0.631494
0.530072
0.034682
0.529276
0.756465
0.029975
0.761214
0.949913
0.254691
0.554960
0.649050
0.866277
0.771761
0.402230
0.264497
0.254980
0.240922
0.189071
0.584765
0.217096
0.620950
0.514236
0.996367
0.756578
0.803269
0.720368
0.590279
0.782077
0.071895
0.862440
0.592159
0.570393
0.006607
0.678914
0.061805
0.970065
0.297636
0.761326
0.967117
0.486127
0.624740
0.775436
0.589105
0.245937
0.037842
0.200742
0.504828
0.809446
0.233954
0.993100
0.415436
0.347571
0.339510
0.530527
0.927109
0.114772
0.116045
0.748846
0.031504
0.690484
0.852125
0.309050
0.392103
0.133837
0.727104
0.827588
0.899927
0.085524
0.021258
0.923414
0.615152
0.513450
0.630309
0.005344
0.518629
0.817653
0.371005
0.611606
0.162567
0.013884
