0.461956
0.024710
0.582188
0.173884
0.336145
0.831874
0.732774
0.336940
0.004858
0.133710
0.357229
0.528139
0.089155
0.913165
0.183170
0.904705
0.957915
0.179647
0.785048
0.976303
0.801339
0.869425
0.607826
0.798974
0.722229
0.658541
0.754764
0.234021
0.292004
0.543787
0.979678
0.644779
0.914386
0.875897
0.846761
0.134863
0.122441
0.027364
0.023739
0.264422
0.180030
0.964951
0.215699
0.179266
0.103169
0.551036
0.112189
0.482622
0.896125
0.614325
0.074926
0.977295
0.460245
0.270108
0.479238
0.014568
0.477387
0.472180
0.301543
0.483497
0.782297
0.860268
0.251033
0.355301
0.534744
0.965975
0.982369
0.588166
0.523376
0.671340
0.944289
0.400251
0.454920
0.502933
0.317368
0.930163
0.316097
0.915144
0.693077
0.674537
0.013868
0.589457
0.479783
0.334207
0.785487
0.168327
0.147794
0.411006
0.394840
0.388892
0.972527
0.199192
0.200801
0.800588
0.323945
0.718971
0.026393
0.974438
0.140890
0.819842
