0.783729
0.181017
0.350922
0.402329
0.097895
0.848916
0.788663
0.860268
0.530869
0.665417
0.559936
0.966113
0.263607
0.522244
0.986980
0.141202
0.324031
0.606292
0.870620
0.058156
0.868317
0.533033
0.624029
0.059861
0.863473
0.731387
0.043480
0.673116
0.412111
0.487884
0.034657
0.839231
0.926124
0.342630
0.565274
0.228865
0.731849
0.444786
0.783398
0.975590
0.859034
0.147193
0.512551
0.169156
0.241752
0.504828
0.661742
0.417357
0.989761
0.622253
0.954230
0.451952
0.430950
0.466893
0.889618
0.823988
0.089244
0.793457
0.666602
0.860078
0.948348
0.712439
0.423663
0.695078
0.180249
0.349289
0.717690
0.257953
0.151022
0.426323
0.335881
0.594510
0.508627
0.088679
0.702131
0.664824
0.681278
0.607118
0.442481
0.403917
0.228997
0.352105
0.784938
0.905823
0.148026
0.255341
0.839131
0.667669
0.198777
0.701192
0.634696
0.280510
0.176450
0.998286
0.815455
0.196768
0.415436
0.655694
0.403519
0.327139
