0.747020
0.722694
0.161915
0.143537
0.720019
0.282143
0.110447
0.714658
0.827075
0.080953
0.536114
0.159724
0.270939
0.011735
0.416547
0.434775
0.946459
0.279426
0.754537
0.058828
0.730115
0.183669
0.607236
0.866649
0.665536
0.047863
0.819113
0.507956
0.641338
0.533945
0.759746
0.683641
0.821712
0.794000
0.827485
0.214498
0.251176
0.824504
0.185680
0.523149
0.652372
0.246570
0.594510
0.935477
0.377924
0.483388
0.419588
0.715824
0.228334
0.539889
0.294891
0.401636
0.035897
0.681632
0.417965
0.185008
0.017621
0.992632
0.335087
0.098904
0.151684
0.679268
0.193671
0.177421
0.221460
0.615744
0.088294
0.048374
0.173778
0.827383
0.616453
0.341112
0.547235
0.070723
0.017305
0.787460
0.034394
0.085582
0.250534
0.088560
0.113732
0.746219
0.898199
0.487554
0.247063
0.391031
0.776102
0.637542
0.257007
0.905504
0.308385
0.458005
0.038544
0.035228
0.218500
0.525302
0.483278
0.516825
0.558662
0.931733
