0.943494
0.600396
0.051987
0.319237
0.854924
0.299829
0.062063
0.827280
0.362030
0.762679
0.103714
0.229197
0.209934
0.652728
0.312895
0.025303
0.005594
0.321200
0.452693
0.416446
0.198125
0.247345
0.229929
0.520548
0.414628
0.939429
0.810610
0.194252
0.570160
0.212175
0.586524
0.787788
0.026608
0.247909
0.346399
0.775880
0.596510
0.916050
0.000645
0.432912
0.879304
0.425299
0.300236
0.606646
0.494830
0.939874
0.905105
0.433015
0.717923
0.931325
0.880460
0.689423
0.195361
0.195302
0.889103
0.305321
0.207958
0.984371
0.266805
0.332540
0.505051
0.920948
0.928436
0.603932
0.529617
0.574473
0.094985
0.881434
0.728842
0.175859
0.945500
0.775547
0.644304
0.696373
0.521452
0.447308
0.935740
0.314915
0.319834
0.355210
0.262572
0.496047
0.097055
0.220298
0.869240
0.093481
0.922765
0.326620
0.198066
0.490194
0.493945
0.113437
0.523376
0.804124
0.707408
0.061207
0.652610
0.278036
0.680450
0.885384
