0.660557
0.986277
0.611252
0.774546
0.563068
0.628768
0.786803
0.916050
0.134093
0.022761
0.196533
0.547465
0.380983
0.867577
0.829327
0.358149
0.247274
0.931189
0.350015
0.899270
0.141425
0.552420
0.911935
0.920582
0.287714
0.253755
0.307555
0.001440
0.970023
0.372798
0.367155
0.056990
0.056160
0.509411
0.747248
0.534516
0.217478
0.895625
0.149986
0.157119
0.105051
0.660438
0.496158
0.849599
0.461956
0.006192
0.033034
0.403023
0.913088
0.389960
0.774101
0.033372
0.016336
0.774435
0.436643
0.829939
0.206670
0.446046
0.396705
0.375545
0.313231
0.203749
0.840927
0.825122
0.963861
0.172138
0.715358
0.001336
0.650474
0.908197
0.057130
0.884773
0.047525
0.632680
0.732312
0.432395
0.407702
0.423663
0.337825
0.763693
0.653440
0.063082
0.245587
0.341380
0.229729
0.757144
0.164130
0.402131
0.034884
0.253180
0.200204
0.770980
0.024166
0.379356
0.791609
0.006725
0.794000
0.354569
0.697902
0.930779
