0.827998
0.441853
0.437578
0.388503
0.677140
0.521905
0.061144
0.257153
0.053096
0.718506
0.634459
0.241822
0.260878
0.563764
0.507956
0.917699
0.389669
0.057430
0.661624
0.567483
0.272226
0.862722
0.567250
0.162617
0.416649
0.271544
0.282143
0.881080
0.302115
0.974047
0.290728
0.867206
0.213554
0.547810
0.426016
0.979097
0.246078
0.234156
0.192802
0.790846
0.920436
0.129886
0.298853
0.046194
0.488653
0.945681
0.556926
0.409702
0.943678
0.448045
0.257153
0.252678
0.426733
0.342362
0.876708
0.851058
0.547005
0.947938
0.439452
0.481639
0.530641
0.911240
0.607118
0.981360
0.886948
0.840528
0.709398
0.477714
0.531210
0.859604
0.603579
0.910465
0.028906
0.488324
0.157070
0.616572
0.106230
0.128112
0.964668
0.054858
0.995358
0.733235
0.075387
0.607354
0.761890
0.120522
0.473587
0.240853
0.116422
0.673708
0.855596
0.524282
0.602164
0.944593
0.255486
0.678204
0.538401
0.013820
0.026179
0.644660
