0.143537
0.403917
0.601928
0.295374
0.907330
0.720485
0.245797
0.000322
0.079703
0.181071
0.244187
0.101384
0.315928
0.597099
0.280666
0.628887
0.488214
0.486566
0.365006
0.130218
0.430744
0.440391
0.984515
0.819322
0.716174
0.974399
0.522810
0.180304
0.092428
0.517501
0.110087
0.430022
0.109549
0.683877
0.086245
0.793674
0.209006
0.874722
0.951734
0.467000
0.991064
0.492068
0.896042
0.581837
0.190671
0.114884
0.866741
0.004326
0.741293
0.772653
0.162768
0.959002
0.282065
0.488983
0.750442
0.583125
0.752378
0.249894
0.815350
0.989695
0.939174
0.077808
0.423969
0.124067
0.568530
0.956707
0.593099
0.162818
0.648932
0.027163
0.670867
0.284565
0.382710
0.121420
0.842715
0.984771
0.298934
0.519983
0.647152
0.195419
0.726293
0.115220
0.924846
0.511541
0.615034
0.253467
0.959870
0.802519
0.016157
0.739456
0.692723
0.853768
0.232337
0.047965
0.853479
0.284957
0.192628
0.161865
0.550690
0.450894
