0.999282
0.752719
0.143627
0.887034
0.397098
0.513113
0.503824
0.507844
0.174523
0.322227
0.380600
0.882052
0.820466
0.645965
0.018410
0.213303
0.858559
0.979678
0.436435
0.917401
0.626872
0.488763
0.339510
0.974710
0.578678
0.663165
0.781966
0.880726
0.507509
0.245236
0.678559
0.367061
0.205327
0.988100
0.299178
0.314072
0.065798
0.570393
0.323429
0.790846
0.506391
0.770309
0.069904
0.950028
0.985052
0.465602
0.143040
0.671104
0.308551
0.281287
0.025341
0.553459
0.258901
0.939874
0.286845
0.240232
0.554729
0.816921
0.451740
0.170511
0.004274
0.677731
0.631257
0.758842
0.989761
0.960728
0.530755
0.253971
0.686710
0.471747
0.805832
0.089513
0.162266
0.771091
0.413217
0.272529
0.311805
0.645847
0.048580
0.389183
0.566320
0.695784
0.372609
0.071796
0.823575
0.427759
0.521792
0.115295
0.961426
0.839031
0.575290
0.834911
0.004393
0.793457
0.733466
0.825328
0.745076
0.900090
0.138724
0.787131
