0.042073
0.515024
0.700605
0.693901
0.341469
0.017615
0.890217
0.514124
0.120561
0.432085
0.924132
0.706236
0.832888
0.152016
0.615271
0.220620
0.743587
0.585000
0.559125
0.849988
0.639084
0.288584
0.208205
0.477822
0.515699
0.267478
0.466785
0.129595
0.253180
0.726641
0.691074
0.681632
0.823265
0.454814
0.072536
0.926899
0.977367
0.759859
0.467969
0.897206
0.242168
0.373933
0.184449
0.696726
0.468831
0.147100
0.465280
0.257007
0.583594
0.819946
0.444681
0.063564
0.968059
0.449838
0.454920
0.235987
0.734505
0.682814
0.092244
0.966113
0.156291
0.333505
0.574123
0.613379
0.709164
0.704712
0.421012
0.148770
0.033984
0.793783
0.152920
0.950200
0.610188
0.023854
0.940381
0.939238
0.234089
0.783288
0.017528
0.618110
0.794217
0.870253
0.990902
0.257589
0.235240
0.013089
0.396213
0.696843
0.971375
0.429919
0.303674
0.588636
0.374217
0.851641
0.810822
0.907804
0.699430
0.147655
0.086506
0.989383
