0.022266
0.003430
0.672524
0.928575
0.132143
0.253827
0.760198
0.730578
0.959208
0.221395
0.255124
0.326360
0.512776
0.888243
0.696137
0.149144
0.877605
0.182560
0.163524
0.539316
0.996999
0.778984
0.525302
0.704830
0.216206
0.463134
0.228533
0.016649
0.179811
0.244466
0.474455
0.150928
0.697784
0.382422
0.078019
0.229529
0.333593
0.172033
0.759068
0.092644
0.012466
0.479892
0.903179
0.325151
0.403122
0.193149
0.193149
0.295777
0.078470
0.359440
0.158295
0.091998
0.443109
0.074316
0.393763
0.814090
0.066002
0.810293
0.006555
0.427246
0.516149
0.335352
0.839231
0.975514
0.876168
0.204233
0.455983
0.043760
0.315421
0.831772
0.834811
0.098155
0.458538
0.325496
0.314662
0.889017
0.921823
0.259120
0.400745
0.589575
0.711036
0.690484
0.780863
0.264868
0.631732
0.594510
0.912628
0.730115
0.408001
0.171507
0.453117
0.619530
0.899024
0.048409
0.943187
0.675010
0.981520
0.622371
0.649762
0.549768
