0.797248
0.727916
0.765941
0.705650
0.036592
0.943923
0.735658
0.080326
0.145446
0.138329
0.533717
0.157168
0.423867
0.739571
0.570160
0.580199
0.136760
0.002782
0.019074
0.264126
0.869425
0.575290
0.936852
0.428376
0.629953
0.934551
0.754310
0.110123
0.968192
0.198007
0.986722
0.804338
0.384250
0.772319
0.398476
0.744045
0.251819
0.145538
0.344601
0.917401
0.501152
0.127131
0.360271
0.298690
0.929957
0.233954
0.140846
0.305486
0.765154
0.863286
0.352560
0.496158
0.743931
0.427965
0.986117
0.087733
0.618820
0.118783
0.015781
0.787460
0.307803
0.249894
0.079406
0.989717
0.109299
0.818384
0.030351
0.206731
0.022727
0.676785
0.439869
0.906221
0.810822
0.692488
0.284017
0.501486
0.708813
0.945139
0.568996
0.894872
0.807110
0.431362
0.943801
0.838831
0.885993
0.287477
0.494387
0.644186
0.851738
0.351468
0.255269
0.667550
0.107596
0.391323
0.263977
0.825431
0.111424
0.402032
0.273441
0.075644
