0.613734
0.347481
0.007211
0.169104
0.142860
0.674537
0.578094
0.634933
0.235036
0.929682
0.743014
0.392786
0.793349
0.061038
0.623200
0.551266
0.228865
0.409001
0.357781
0.728726
0.234833
0.065911
0.311303
0.267853
0.109835
0.683168
0.704478
0.782628
0.010879
0.095586
0.493835
0.032710
0.238033
0.046096
0.592394
0.409802
0.364726
0.564693
0.548501
0.025500
0.557389
0.111714
0.047982
0.166576
0.466570
0.426631
0.987759
0.286766
0.200264
0.792588
0.856937
0.867762
0.897455
0.600160
0.125873
0.385986
0.914081
0.400153
0.718971
0.605702
0.311052
0.759181
0.283939
0.576809
0.194777
0.215952
0.773545
0.601928
0.683759
0.875897
0.068361
0.097120
0.648694
0.538286
0.532463
0.400153
0.039999
0.459925
0.241406
0.368560
0.886774
0.831670
0.833192
0.733004
0.352834
0.685530
0.760649
0.579029
0.705533
0.633036
0.222432
0.185232
0.701074
0.724204
0.548156
0.435501
0.900663
0.365752
0.315421
0.445206
