0.637304
0.062675
0.365571
0.083619
0.842728
0.371016
0.482448
0.535630
0.204643
0.424922
0.756805
0.196312
0.712402
0.458735
0.124519
0.998260
0.568060
0.996533
0.976758
0.012298
0.217310
0.981847
0.865127
0.088377
0.386903
0.103839
0.772087
0.609144
0.013165
0.345937
0.960881
0.065572
0.397938
0.237666
0.558413
0.981847
0.344665
0.299683
0.059798
0.949888
0.360347
0.960315
0.513760
0.540182
0.798172
0.963464
0.382550
0.815561
0.365661
0.360022
0.129660
0.122637
0.737056
0.609329
0.206593
0.120863
0.406179
0.771378
0.719752
0.251824
0.702654
0.178955
0.145157
0.541847
0.860343
0.651567
0.984194
0.371374
0.393270
0.871288
0.437546
0.635379
0.344155
0.657135
0.850046
0.041365
0.215773
0.529120
0.909851
0.391366
0.517422
0.942711
0.232794
0.567419
0.139586
0.751584
0.125133
0.533982
0.429903
0.397831
0.107706
0.490996
0.487195
0.275629
0.269146
0.671399
0.502439
0.450836
0.365571
0.857249
