0.421857
0.234407
0.005255
0.306968
0.080478
0.599248
0.689151
0.988137
0.943630
0.926187
0.348159
0.876261
0.020903
0.119567
0.354502
0.124389
0.914481
0.711971
0.276242
0.958050
0.339656
0.683388
0.325080
0.150464
0.860489
0.670504
0.431058
0.952561
0.750087
0.210446
0.213433
0.177151
0.138273
0.563354
0.603134
0.533145
0.036439
0.235687
0.316896
0.583967
0.110372
0.551950
0.993593
0.720820
0.636951
0.695523
0.575815
0.149784
0.737838
0.840859
0.626924
0.125142
0.372733
0.405337
0.584997
0.923599
0.617928
0.563053
0.054333
0.970881
0.332792
0.578828
0.429928
0.111900
0.619940
0.065703
0.410431
0.703453
0.883673
0.643497
0.376850
0.340591
0.047846
0.297590
0.115645
0.442767
0.996716
0.765238
0.524697
0.335117
0.007683
0.578959
0.420594
0.336350
0.974221
0.991682
0.098638
0.376859
0.849650
0.398807
0.185355
0.539616
0.185644
0.857236
0.623218
0.228715
0.416472
0.289607
0.372333
0.489267
