0.811872
0.953729
0.243133
0.359476
0.768976
0.092043
0.133221
0.482736
0.363567
0.308545
0.751733
0.094048
0.002169
0.461351
0.119270
0.618066
0.699960
0.273095
0.299499
0.940544
0.868280
0.534804
0.655768
0.887153
0.133690
0.241800
0.723248
0.359653
0.502810
0.238855
0.502960
0.200637
0.519654
0.242690
0.366993
0.043595
0.691993
0.869837
0.408823
0.287291
0.607477
0.141177
0.384883
0.100295
0.592458
0.724785
0.852424
0.120193
0.162821
0.985205
0.798211
0.391996
0.322977
0.907500
0.771764
0.850877
0.266153
0.478137
0.864227
0.904487
0.399259
0.755629
0.601771
0.993345
0.116844
0.704432
0.169140
0.103099
0.997019
0.259352
0.204129
0.669713
0.601733
0.472758
0.285359
0.675901
0.942944
0.869731
0.657445
0.855965
0.747366
0.364841
0.454708
0.485395
0.378775
0.346688
0.291187
0.095709
0.819712
0.574134
0.486448
0.990500
0.867933
0.798924
0.188165
0.934002
0.362186
0.025208
0.850016
0.311538
