0.397490
0.181590
0.530058
0.516009
0.852023
0.230713
0.189886
0.023180
0.000000
0.000000
0.000000
0.000000
0.000000
0.000000
0.000000
0.000000
0.868144
0.680610
0.237021
0.211948
0.921056
0.538658
0.627459
0.398923
0.523830
0.083188
0.582418
0.215170
0.092992
0.245496
0.250076
0.265645
0.000000
0.000000
0.000000
0.000000
0.000000
0.000000
0.000000
0.000000
0.077601
0.802454
0.926299
0.314339
0.970989
0.624739
0.713871
0.424634
0.879105
0.818468
0.684661
0.849937
0.752474
0.381833
0.610406
0.452281
0.432464
0.514937
0.654438
0.538706
0.635510
0.928094
0.054610
0.197168
0.000000
0.000000
0.000000
0.000000
0.000000
0.000000
0.000000
0.000000
0.000000
0.000000
0.000000
0.000000
0.000000
0.000000
0.000000
0.000000
