0.484454
0.524087
0.273921
0.518099
0.138934
0.330898
0.546470
0.710430
0.249536
0.977542
0.314520
0.568716
0.564438
0.252922
0.579518
0.356524
0.327894
0.066592
0.151552
0.700024
0.127617
0.016443
0.659708
0.333125
0.992891
0.017455
0.404718
0.695969
0.245948
0.392375
0.740775
0.522644
0.631417
0.714890
0.602271
0.792411
0.580652
0.894325
0.496220
0.297629
0.553928
0.429830
0.984870
0.112510
0.646032
0.526682
0.688750
0.702043
0.987996
0.861196
0.001695
0.131137
0.927344
0.182004
0.924105
0.224692
0.722313
0.096661
0.200570
0.787265
0.123319
0.660440
0.926786
0.352493
0.506547
0.226205
0.760739
0.431179
0.999550
0.264108
0.971007
0.994733
0.642651
0.626960
0.864441
0.397593
0.890607
0.571777
0.829132
0.801060
0.005081
0.873182
0.265406
0.530142
0.917467
0.170097
0.461125
0.381519
0.440007
0.010760
0.786948
0.078511
0.848895
0.428552
0.560225
0.274942
0.571208
0.272183
0.191368
0.258950
