0.701534
0.560843
0.278625
0.698500
0.238960
0.233927
0.691035
0.253593
0.259427
0.861242
0.303207
0.733375
0.462362
0.815562
0.462565
0.296463
0.094901
0.621903
0.169244
0.965090
0.138119
0.440381
0.893735
0.947369
0.994348
0.152045
0.507438
0.315718
0.620440
0.041929
0.832522
0.276487
0.723841
0.818494
0.248717
0.773597
0.339413
0.875623
0.424892
0.140605
0.337077
0.241260
0.941827
0.031887
0.757110
0.219189
0.306336
0.346079
0.964930
0.916786
0.006043
0.764762
0.934235
0.345231
0.870208
0.059329
0.884631
0.034843
0.644015
0.959719
0.525808
0.544838
0.849533
0.188890
0.258849
0.081347
0.689496
0.340817
0.995013
0.141973
0.993830
0.992214
0.613590
0.599490
0.617509
0.920474
0.961844
0.524584
0.802259
0.935318
0.000383
0.680654
0.028957
0.736321
0.899162
0.453936
0.220094
0.078776
0.395375
0.298319
0.499370
0.069685
0.743818
0.149957
0.441188
0.177402
0.555787
0.373502
0.488444
0.031025
