0.701534
0.484454
0.560843
0.524087
0.278625
0.273921
0.698500
0.518099
0.238960
0.138934
0.233927
0.330898
0.691035
0.546470
0.253593
0.710430
0.259427
0.249536
0.861242
0.977542
0.303207
0.314520
0.733375
0.568716
0.462362
0.564438
0.815562
0.252922
0.462565
0.579518
0.296463
0.356524
0.094901
0.327894
0.621903
0.066592
0.169244
0.151552
0.965090
0.700024
0.138119
0.127617
0.440381
0.016443
0.893735
0.659708
0.947369
0.333125
0.994348
0.992891
0.152045
0.017455
0.507438
0.404718
0.315718
0.695969
0.620440
0.245948
0.041929
0.392375
0.832522
0.740775
0.276487
0.522644
0.723841
0.631417
0.818494
0.714890
0.248717
0.602271
0.773597
0.792411
0.339413
0.580652
0.875623
0.894325
0.424892
0.496220
0.140605
0.297629
0.337077
0.553928
0.241260
0.429830
0.941827
0.984870
0.031887
0.112510
0.757110
0.646032
0.219189
0.526682
0.306336
0.688750
0.346079
0.702043
0.964930
0.987996
0.916786
0.861196
0.006043
0.001695
0.764762
0.131137
0.934235
0.927344
0.345231
0.182004
0.870208
0.924105
0.059329
0.224692
0.884631
0.722313
0.034843
0.096661
0.644015
0.200570
0.959719
0.787265
0.525808
0.123319
0.544838
0.660440
0.849533
0.926786
0.188890
0.352493
0.258849
0.506547
0.081347
0.226205
0.689496
0.760739
0.340817
0.431179
0.995013
0.999550
0.141973
0.264108
0.993830
0.971007
0.992214
0.994733
0.613590
0.642651
0.599490
0.626960
0.617509
0.864441
0.920474
0.397593
0.961844
0.890607
0.524584
0.571777
0.802259
0.829132
0.935318
0.801060
0.000383
0.005081
0.680654
0.873182
0.028957
0.265406
0.736321
0.530142
0.899162
0.917467
0.453936
0.170097
0.220094
0.461125
0.078776
0.381519
0.395375
0.440007
0.298319
0.010760
0.499370
0.786948
0.069685
0.078511
0.743818
0.848895
0.149957
0.428552
0.441188
0.560225
0.177402
0.274942
0.555787
0.571208
0.373502
0.272183
0.488444
0.191368
0.031025
0.258950
