0.650383
0.739284
0.012744
0.196254
0.230047
0.158518
0.241318
0.692331
0.406475
0.798545
0.439927
0.496736
0.345050
0.663368
0.480725
0.145626
0.326578
0.919797
0.323572
0.046903
0.789427
0.562230
0.145307
0.979071
0.387010
0.653159
0.538182
0.859623
0.199114
0.925669
0.346939
0.715808
0.267215
0.225021
0.300270
0.870246
0.613746
0.826278
0.494314
0.591280
0.603815
0.351376
0.263609
0.301972
0.496736
0.764505
0.868630
0.981195
0.024352
0.012176
0.910958
0.762645
0.210033
0.866193
0.925027
0.696083
0.874256
0.692331
0.218751
0.559626
0.536486
0.680157
0.179771
0.162667
0.574465
0.409311
0.427351
0.063746
0.378875
0.380897
0.793083
0.585057
0.621010
0.836748
0.123803
0.202425
0.251036
0.967064
0.160582
0.365592
0.688582
0.208749
0.321183
0.516382
0.233757
0.454277
0.411448
0.597533
0.683899
0.962767
0.928840
0.423700
0.212619
0.621010
0.660580
0.570955
0.117783
0.053933
0.461954
0.861275
