0.555301
0.594849
0.007137
0.129494
0.240363
0.450471
0.761714
0.940850
0.304253
0.356497
0.684835
0.707351
0.346308
0.487090
0.831534
0.211323
0.453514
0.969889
0.332040
0.130658
0.975437
0.455041
0.213921
0.884469
0.131536
0.737409
0.293533
0.711109
0.287459
0.895100
0.220974
0.312923
0.190234
0.585057
0.268772
0.702654
0.318806
0.496736
0.360374
0.856300
0.445178
0.223666
0.575344
0.205779
0.234224
0.963651
0.804883
0.994375
0.033697
0.010574
0.581516
0.810283
0.228668
0.976801
0.701715
0.690456
0.707351
0.304825
0.549275
0.500791
0.133011
0.183976
0.116185
0.136002
0.847889
0.378202
0.048016
0.201593
0.135700
0.597533
0.476775
0.816541
0.890593
0.799453
0.277196
0.179015
0.744906
0.965382
0.626480
0.817432
0.959577
0.251530
0.156476
0.468936
0.479934
0.296326
0.567457
0.472845
0.930712
0.946434
0.850428
0.240363
0.557029
0.654085
0.812971
0.468157
0.057048
0.058961
0.400844
0.883695
