0.650383
0.555301
0.739284
0.594849
0.012744
0.007137
0.196254
0.129494
0.230047
0.240363
0.158518
0.450471
0.241318
0.761714
0.692331
0.940850
0.406475
0.304253
0.798545
0.356497
0.439927
0.684835
0.496736
0.707351
0.345050
0.346308
0.663368
0.487090
0.480725
0.831534
0.145626
0.211323
0.326578
0.453514
0.919797
0.969889
0.323572
0.332040
0.046903
0.130658
0.789427
0.975437
0.562230
0.455041
0.145307
0.213921
0.979071
0.884469
0.387010
0.131536
0.653159
0.737409
0.538182
0.293533
0.859623
0.711109
0.199114
0.287459
0.925669
0.895100
0.346939
0.220974
0.715808
0.312923
0.267215
0.190234
0.225021
0.585057
0.300270
0.268772
0.870246
0.702654
0.613746
0.318806
0.826278
0.496736
0.494314
0.360374
0.591280
0.856300
0.603815
0.445178
0.351376
0.223666
0.263609
0.575344
0.301972
0.205779
0.496736
0.234224
0.764505
0.963651
0.868630
0.804883
0.981195
0.994375
0.024352
0.033697
0.012176
0.010574
0.910958
0.581516
0.762645
0.810283
0.210033
0.228668
0.866193
0.976801
0.925027
0.701715
0.696083
0.690456
0.874256
0.707351
0.692331
0.304825
0.218751
0.549275
0.559626
0.500791
0.536486
0.133011
0.680157
0.183976
0.179771
0.116185
0.162667
0.136002
0.574465
0.847889
0.409311
0.378202
0.427351
0.048016
0.063746
0.201593
0.378875
0.135700
0.380897
0.597533
0.793083
0.476775
0.585057
0.816541
0.621010
0.890593
0.836748
0.799453
0.123803
0.277196
0.202425
0.179015
0.251036
0.744906
0.967064
0.965382
0.160582
0.626480
0.365592
0.817432
0.688582
0.959577
0.208749
0.251530
0.321183
0.156476
0.516382
0.468936
0.233757
0.479934
0.454277
0.296326
0.411448
0.567457
0.597533
0.472845
0.683899
0.930712
0.962767
0.946434
0.928840
0.850428
0.423700
0.240363
0.212619
0.557029
0.621010
0.654085
0.660580
0.812971
0.570955
0.468157
0.117783
0.057048
0.053933
0.058961
0.461954
0.400844
0.861275
0.883695
