0.837835
0.653995
0.685589
0.115391
0.192124
0.883834
0.453464
0.806994
0.193314
0.243034
0.006373
0.386826
0.597895
0.413912
0.518790
0.592594
0.466692
0.471236
0.381715
0.050777
0.353092
0.855127
0.405686
0.308530
0.148399
0.928592
0.172621
0.781079
0.379392
0.578934
0.908458
0.370092
0.086325
0.143493
0.142247
0.286714
0.798388
0.379342
0.486374
0.257512
0.269990
0.005252
0.464422
0.973149
0.621706
0.018513
0.394571
0.595566
0.267951
0.631126
0.738223
0.141966
0.711711
0.959307
0.346492
0.935707
0.737658
0.366459
0.417103
0.148087
0.497383
0.723949
0.621620
0.675845
0.696253
0.015882
0.665373
0.361835
0.246917
0.854995
0.051035
0.732715
0.186141
0.770856
0.108711
0.478798
0.813666
0.165379
0.033442
0.022578
0.563584
0.811666
0.180271
0.834462
0.632883
0.924300
0.851967
0.074487
0.609331
0.689820
0.052889
0.820880
0.945352
0.152850
0.948061
0.767389
0.440661
0.123498
0.691967
0.391611
