0.304622
0.971064
0.329545
0.770204
0.682183
0.728742
0.617669
0.625697
0.480458
0.370110
0.146316
0.018532
0.873033
0.412792
0.124381
0.361032
0.251021
0.937929
0.480579
0.008056
0.249478
0.006488
0.633391
0.998067
0.770475
0.687373
0.188169
0.769541
0.710912
0.128707
0.428283
0.365097
0.769522
0.474923
0.363991
0.841568
0.439688
0.141317
0.569737
0.193974
0.853212
0.135087
0.609197
0.738557
0.250681
0.179180
0.508394
0.125759
0.740351
0.581586
0.531367
0.768313
0.453577
0.765362
0.054071
0.663337
0.440510
0.115435
0.516378
0.558154
0.397645
0.939416
0.901547
0.192442
0.045373
0.465138
0.439195
0.476237
0.213505
0.951065
0.597816
0.567758
0.791206
0.273913
0.863440
0.629668
0.191930
0.835244
0.309724
0.009970
0.182947
0.739199
0.202895
0.830424
0.324806
0.858755
0.088274
0.053228
0.606675
0.317902
0.389174
0.521769
0.617480
0.662608
0.193963
0.088622
0.849082
0.102655
0.770535
0.638392
