0.227775
0.285871
0.276522
0.232988
0.227989
0.155057
0.288493
0.412034
0.419498
0.734563
0.925730
0.515784
0.185419
0.143224
0.121605
0.102156
0.064777
0.081405
0.000000
0.000000
0.000000
0.000000
0.000000
0.000000
0.000000
0.000000
0.000000
0.000000
0.000000
0.000000
0.000000
0.000000
0.000000
0.000000
0.000000
0.000000
0.682619
0.575704
0.817504
0.994733
0.878190
0.507946
0.474737
0.613109
0.693501
0.726100
0.463449
0.196183
0.349721
0.726100
0.952622
0.752175
0.679836
0.881800
0.028190
0.023069
0.055958
0.077219
0.120504
0.251281
0.644787
0.699676
0.984769
0.082352
0.247160
0.393252
0.390545
0.260032
0.235736
0.270773
0.240751
0.315034
0.000000
0.000000
0.000000
0.000000
0.000000
0.000000
0.000000
0.000000
0.000000
0.000000
0.000000
0.000000
0.000000
0.000000
0.000000
0.000000
0.000000
0.000000
0.040894
0.046534
0.066023
0.234289
0.552481
0.820384
0.914424
0.578948
0.389219
0.968055
0.817146
0.700188
0.303339
0.430923
0.446823
0.530289
0.828093
0.984501
0.194317
0.231843
0.360315
0.598288
0.994191
0.649782
0.544757
0.989938
0.484575
0.694196
0.544966
0.494113
0.535798
0.646453
0.702479
0.870072
0.959519
0.898827
0.206924
0.315973
0.278283
0.201204
0.178518
0.142131
0.187898
0.670835
0.878949
0.611683
0.941586
0.440156
0.442767
0.374311
0.217872
0.195186
0.248701
0.222854
0.000000
0.000000
0.000000
0.000000
0.000000
0.000000
0.000000
0.000000
0.000000
0.000000
0.000000
0.000000
0.000000
0.000000
0.000000
0.000000
0.000000
0.000000
0.000000
0.000000
0.000000
0.000000
0.000000
0.000000
0.000000
0.000000
0.000000
0.000000
0.000000
0.000000
0.000000
0.000000
0.000000
0.000000
0.000000
0.000000
