0.355647
0.438313
0.780130
0.833254
0.233060
0.325923
0.708021
0.535961
0.343668
0.157994
0.329437
0.861100
0.218122
0.445481
0.187977
0.090801
0.637259
0.120428
0.394880
0.400368
0.639096
0.815093
0.558624
0.128464
0.559140
0.273574
0.160891
0.479633
0.226462
0.006178
0.920257
0.140514
0.805204
0.009931
0.365146
0.316882
0.291010
0.307330
0.882485
0.064582
0.021865
0.502345
0.599358
0.168679
0.270073
0.481520
0.278444
0.745413
0.429646
0.572686
0.861274
0.585775
0.996386
0.087630
0.586368
0.509772
0.054489
0.948694
0.965223
0.984094
0.980211
0.801168
0.306863
0.223883
0.909416
0.808720
0.445172
0.589459
0.860006
0.228289
0.250941
0.128572
0.906692
0.805952
0.550149
0.202989
0.906942
0.511205
0.608820
0.367824
0.548229
0.177905
0.830370
0.878918
0.939105
0.618658
0.955953
0.765753
0.919949
0.255759
0.918190
0.865638
0.692775
0.374841
0.333155
0.766055
0.589905
0.727963
0.435497
0.778301
