0.338517
0.132313
0.000000
0.000000
0.000000
0.875929
0.000000
0.000000
0.000000
0.068973
0.000000
0.078277
0.817877
0.367796
0.939162
0.000000
0.000000
0.466576
0.098237
0.000000
0.000000
0.865405
0.000000
0.291839
0.000000
0.250514
0.880899
0.858465
0.000000
0.191278
0.610141
0.430882
0.000000
0.000000
0.000000
0.875692
0.345635
0.121496
0.519901
0.685544
0.704086
0.256849
0.000000
0.527749
0.000000
0.330288
0.902120
0.703000
0.000000
0.510877
0.667791
0.703542
0.523591
0.000000
0.130018
0.764817
0.649843
0.125975
0.685270
0.000000
0.061125
0.832107
0.964750
0.000000
0.000000
0.688030
0.280920
0.000000
0.807671
0.000000
0.000000
0.000000
0.000000
0.434100
0.000000
0.133464
0.000000
0.299988
0.833752
0.000000
0.243084
0.000000
0.000000
0.000000
0.000000
0.862268
0.342416
0.903762
0.782650
0.798901
0.416198
0.000000
0.000000
0.000000
0.750066
0.011369
0.000000
0.696192
0.097757
0.340718
