0.690714
0.134998
0.000000
0.000000
0.000000
0.722561
0.000000
0.000000
0.000000
0.043717
0.000000
0.964848
0.278503
0.072144
0.687436
0.000000
0.000000
0.422960
0.126522
0.000000
0.000000
0.578467
0.000000
0.290617
0.000000
0.107138
0.729087
0.459540
0.000000
0.154155
0.687712
0.374699
0.000000
0.000000
0.000000
0.875794
0.841704
0.313701
0.664446
0.150202
0.238900
0.699571
0.000000
0.660952
0.000000
0.057655
0.647220
0.874743
0.000000
0.312077
0.475767
0.267646
0.212915
0.000000
0.636810
0.248931
0.240432
0.468707
0.825187
0.000000
0.022016
0.532290
0.969392
0.000000
0.000000
0.829131
0.150717
0.000000
0.974909
0.000000
0.000000
0.000000
0.000000
0.976403
0.000000
0.754471
0.000000
0.054752
0.276904
0.000000
0.167328
0.000000
0.000000
0.000000
0.000000
0.301658
0.018087
0.561148
0.770400
0.830729
0.525606
0.000000
0.000000
0.000000
0.574470
0.948739
0.000000
0.168208
0.805592
0.838261
