0.153954
0.358103
0.000000
0.000000
0.000000
0.333289
0.000000
0.000000
0.000000
0.033332
0.000000
0.052775
0.552129
0.177977
0.960707
0.000000
0.000000
0.915656
0.013903
0.000000
0.000000
0.631709
0.000000
0.135216
0.000000
0.226523
0.460181
0.489776
0.000000
0.713022
0.094229
0.237639
0.000000
0.000000
0.000000
0.412766
0.917221
0.418247
0.120388
0.381064
0.059577
0.957290
0.000000
0.613264
0.000000
0.267158
0.340779
0.677663
0.000000
0.147052
0.300686
0.049400
0.177334
0.000000
0.615236
0.355403
0.355574
0.682751
0.446632
0.000000
0.244601
0.547095
0.615612
0.000000
0.000000
0.844744
0.533964
0.000000
0.875139
0.000000
0.000000
0.000000
0.000000
0.349314
0.000000
0.633810
0.000000
0.100334
0.936478
0.000000
0.288928
0.000000
0.000000
0.000000
0.000000
0.857799
0.312794
0.412504
0.966579
0.915256
0.060522
0.000000
0.000000
0.000000
0.862527
0.712849
0.000000
0.923507
0.818351
0.902108
