0.307209
0.032428
0.000000
0.000000
0.000000
0.949640
0.000000
0.000000
0.000000
0.071878
0.000000
0.631865
0.289431
0.108091
0.884083
0.000000
0.000000
0.547524
0.188815
0.000000
0.000000
0.420605
0.000000
0.273343
0.000000
0.097132
0.607071
0.456925
0.000000
0.184231
0.470005
0.489601
0.000000
0.000000
0.000000
0.957944
0.987627
0.135604
0.322027
0.176953
0.225148
0.569574
0.000000
0.752736
0.000000
0.034774
0.531554
0.718939
0.000000
0.226374
0.698293
0.135508
0.197032
0.000000
0.506081
0.220735
0.238954
0.558933
0.607698
0.000000
0.043629
0.637163
0.895695
0.000000
0.000000
0.833236
0.178416
0.000000
0.956372
0.000000
0.000000
0.000000
0.000000
0.836949
0.000000
0.966927
0.000000
0.051758
0.386652
0.000000
0.307640
0.000000
0.000000
0.000000
0.000000
0.539171
0.032617
0.780614
0.818285
0.595799
0.284394
0.000000
0.000000
0.000000
0.490497
0.911886
0.000000
0.226392
0.831951
0.838055
