0.230135
0.385368
0.000000
0.000000
0.000000
0.660045
0.000000
0.000000
0.000000
0.190245
0.000000
0.058068
0.927027
0.474768
0.804700
0.000000
0.000000
0.951625
0.151445
0.000000
0.000000
0.864587
0.000000
0.727606
0.000000
0.160327
0.712593
0.720381
0.000000
0.351481
0.544375
0.229139
0.000000
0.000000
0.000000
0.643554
0.386985
0.307874
0.840706
0.566350
0.979782
0.527993
0.000000
0.600977
0.000000
0.490596
0.820596
0.683153
0.000000
0.693879
0.701530
0.876083
0.318363
0.000000
0.323588
0.849600
0.319748
0.039011
0.662879
0.000000
0.072321
0.524736
0.898946
0.000000
0.000000
0.862299
0.449543
0.000000
0.744612
0.000000
0.000000
0.000000
0.000000
0.112243
0.000000
0.018807
0.000000
0.300777
0.933471
0.000000
0.273002
0.000000
0.000000
0.000000
0.000000
0.735941
0.242731
0.539792
0.578589
0.854284
0.297025
0.000000
0.000000
0.000000
0.629967
0.015665
0.000000
1.000000
0.052015
0.348768
