0.724065
0.087880
0.000000
0.000000
0.000000
0.989279
0.000000
0.000000
0.000000
0.084841
0.000000
0.343133
0.930324
0.744335
0.818162
0.000000
0.000000
0.333844
0.302089
0.000000
0.000000
0.925283
0.000000
0.099492
0.000000
0.383895
0.902035
0.480776
0.000000
0.104564
0.763239
0.669787
0.000000
0.000000
0.000000
0.702855
0.397370
0.162063
0.311848
0.854277
0.727544
0.381726
0.000000
0.369872
0.000000
0.204744
0.839860
0.540178
0.000000
0.322048
0.601177
0.602328
0.440788
0.000000
0.063727
0.241020
0.944563
0.316190
0.836701
0.000000
0.033688
0.978165
0.672877
0.000000
0.000000
0.990809
0.039551
0.000000
0.723674
0.000000
0.000000
0.000000
0.000000
0.767571
0.000000
0.589275
0.000000
0.243649
0.974569
0.000000
0.049130
0.000000
0.000000
0.000000
0.000000
0.831504
0.279485
0.507073
0.991642
0.338216
0.776398
0.000000
0.000000
0.000000
0.922408
0.008489
0.000000
0.597435
0.061115
0.893260
