0.100081
0.004690
0.000000
0.000000
0.000000
0.666429
0.000000
0.000000
0.000000
0.035969
0.000000
0.116834
0.722669
0.187472
0.438896
0.000000
0.000000
0.677414
0.124478
0.000000
0.000000
0.733046
0.000000
0.888135
0.000000
0.049594
0.482544
0.391337
0.000000
0.496207
0.559019
0.348385
0.000000
0.000000
0.000000
0.883211
0.592919
0.094909
0.070465
0.134047
0.442068
0.717141
0.000000
0.814353
0.000000
0.172599
0.108197
0.824326
0.000000
0.154477
0.551566
0.082778
0.207085
0.000000
0.731101
0.671270
0.355777
0.779243
0.406332
0.000000
0.336347
0.420084
0.782243
0.000000
0.000000
0.184425
0.438005
0.000000
0.986321
0.000000
0.000000
0.000000
0.000000
0.771642
0.000000
0.574563
0.000000
0.400847
0.676392
0.000000
0.589919
0.000000
0.000000
0.000000
0.000000
0.959072
0.029918
0.463957
0.869277
0.216860
0.166860
0.000000
0.000000
0.000000
0.660471
0.895444
0.000000
0.706064
0.466229
0.872059
