0.140537
0.007459
0.000000
0.000000
0.000000
0.950510
0.000000
0.000000
0.000000
0.106111
0.000000
0.266008
0.419258
0.190262
0.506886
0.000000
0.000000
0.713714
0.160375
0.000000
0.000000
0.527594
0.000000
0.485761
0.000000
0.035380
0.496370
0.347865
0.000000
0.421839
0.462761
0.397589
0.000000
0.000000
0.000000
0.968997
0.823627
0.046618
0.192453
0.197476
0.383410
0.665106
0.000000
0.843300
0.000000
0.049103
0.250144
0.854687
0.000000
0.158866
0.995184
0.062160
0.198932
0.000000
0.583606
0.355600
0.296575
0.518209
0.509843
0.000000
0.114482
0.548201
0.926513
0.000000
0.000000
0.394607
0.244921
0.000000
0.981905
0.000000
0.000000
0.000000
0.000000
0.847767
0.000000
0.919673
0.000000
0.171040
0.537514
0.000000
0.540361
0.000000
0.000000
0.000000
0.000000
0.826006
0.043501
0.552982
0.913316
0.333932
0.206983
0.000000
0.000000
0.000000
0.402440
0.882268
0.000000
0.285913
0.991862
0.565586
