0.460843
0.333691
0.000000
0.000000
0.000000
0.391917
0.000000
0.000000
0.000000
0.903851
0.000000
0.052659
0.862244
0.824203
0.476574
0.000000
0.000000
0.580208
0.420995
0.000000
0.000000
0.831931
0.000000
0.805840
0.000000
0.030451
0.435054
0.850988
0.000000
0.818358
0.645313
0.522464
0.000000
0.000000
0.000000
0.606122
0.456642
0.663171
0.385562
0.964690
0.860919
0.661268
0.000000
0.733422
0.000000
0.781076
0.963927
0.753386
0.000000
0.631080
0.939074
0.528861
0.292721
0.000000
0.870265
0.948309
0.196449
0.015562
0.636954
0.000000
0.037294
0.341866
0.900411
0.000000
0.000000
0.416715
0.727831
0.000000
0.773949
0.000000
0.000000
0.000000
0.000000
0.052894
0.000000
0.001331
0.000000
0.484689
0.796371
0.000000
0.129594
0.000000
0.000000
0.000000
0.000000
0.454113
0.763249
0.369882
0.191078
0.887511
0.115602
0.000000
0.000000
0.000000
0.671650
0.008621
0.000000
0.498448
0.032318
0.739248
