0.869768
0.350552
0.000000
0.000000
0.000000
0.413761
0.000000
0.000000
0.000000
0.029442
0.000000
0.780952
0.094207
0.051570
0.607186
0.000000
0.000000
0.503494
0.097647
0.000000
0.000000
0.611496
0.000000
0.425921
0.000000
0.107812
0.688372
0.331215
0.000000
0.222717
0.675135
0.279836
0.000000
0.000000
0.000000
0.794158
0.947058
0.429629
0.752771
0.239918
0.285717
0.737396
0.000000
0.994182
0.000000
0.069084
0.841399
0.988291
0.000000
0.375771
0.192099
0.365222
0.239894
0.000000
0.427075
0.391204
0.463554
0.470035
0.787589
0.000000
0.006771
0.552759
0.930868
0.000000
0.000000
0.613657
0.134466
0.000000
0.995328
0.000000
0.000000
0.000000
0.000000
0.829935
0.000000
0.367128
0.000000
0.048023
0.242385
0.000000
0.149444
0.000000
0.000000
0.000000
0.000000
0.270552
0.016300
0.533645
0.977577
0.903585
0.947164
0.000000
0.000000
0.000000
0.491915
0.865343
0.000000
0.094000
0.548201
0.783290
