0.242782
0.408699
0.000000
0.000000
0.000000
0.347861
0.000000
0.000000
0.000000
0.419113
0.000000
0.095810
0.678910
0.712588
0.512975
0.000000
0.000000
0.652028
0.391457
0.000000
0.000000
0.937662
0.000000
0.915319
0.000000
0.040547
0.410880
0.841967
0.000000
0.598709
0.897495
0.306451
0.000000
0.000000
0.000000
0.577472
0.565730
0.635196
0.646391
0.607336
0.928766
0.687717
0.000000
0.706529
0.000000
0.694887
0.683029
0.776269
0.000000
0.934905
0.744478
0.654912
0.257267
0.000000
0.624072
0.792705
0.198902
0.014526
0.601828
0.000000
0.050388
0.420314
0.838173
0.000000
0.000000
0.497535
0.870954
0.000000
0.897735
0.000000
0.000000
0.000000
0.000000
0.042731
0.000000
0.005472
0.000000
0.442479
0.645422
0.000000
0.112499
0.000000
0.000000
0.000000
0.000000
0.693290
0.312768
0.359545
0.312518
0.995544
0.180138
0.000000
0.000000
0.000000
0.416632
0.009114
0.000000
0.603268
0.021157
0.963955
