0.056952
0.047368
0.000000
0.000000
0.000000
0.925364
0.000000
0.000000
0.000000
0.015191
0.000000
0.058092
0.714563
0.121476
0.683966
0.000000
0.000000
0.719667
0.053953
0.000000
0.000000
0.865405
0.000000
0.437334
0.000000
0.140522
0.504501
0.482573
0.000000
0.491788
0.333097
0.242476
0.000000
0.000000
0.000000
0.930745
0.730070
0.403148
0.045453
0.224469
0.141761
0.719206
0.000000
0.752213
0.000000
0.236402
0.179713
0.617151
0.000000
0.197903
0.446544
0.058599
0.202083
0.000000
0.883071
0.708440
0.306128
0.629509
0.363448
0.000000
0.327063
0.445345
0.479500
0.000000
0.000000
0.411700
0.581909
0.000000
0.847180
0.000000
0.000000
0.000000
0.000000
0.593216
0.000000
0.375840
0.000000
0.259583
0.901738
0.000000
0.482337
0.000000
0.000000
0.000000
0.000000
0.828318
0.045876
0.455901
0.795142
0.397144
0.118970
0.000000
0.000000
0.000000
0.814424
0.849269
0.000000
0.867101
0.443478
0.615416
