0.706703
0.158593
0.000000
0.000000
0.000000
0.888938
0.000000
0.000000
0.000000
0.446526
0.000000
0.491095
0.564958
0.676313
0.931997
0.000000
0.000000
0.748200
0.462612
0.000000
0.000000
0.913767
0.000000
0.208296
0.000000
0.434207
0.604616
0.090130
0.000000
0.346334
0.656718
0.761873
0.000000
0.000000
0.000000
0.267998
0.718816
0.444422
0.260123
0.695408
0.805803
0.307564
0.000000
0.095692
0.000000
0.468066
0.726339
0.225313
0.000000
0.198309
0.842123
0.424087
0.261540
0.000000
0.081666
0.232264
0.547043
0.458318
0.640607
0.000000
0.068807
0.794305
0.464610
0.000000
0.000000
0.646306
0.005603
0.000000
0.540291
0.000000
0.000000
0.000000
0.000000
0.701026
0.000000
0.620559
0.000000
0.057769
0.658687
0.000000
0.090686
0.000000
0.000000
0.000000
0.000000
0.969055
0.435104
0.430369
0.913316
0.339550
0.982936
0.000000
0.000000
0.000000
0.749982
0.022645
0.000000
0.851587
0.159256
0.548248
