0.633961
0.280837
0.000000
0.000000
0.000000
0.821253
0.000000
0.000000
0.000000
0.968977
0.000000
0.027213
0.866572
0.567215
0.687436
0.000000
0.000000
0.693368
0.698694
0.000000
0.000000
0.620206
0.000000
0.882772
0.000000
0.064123
0.452164
0.628490
0.000000
0.932657
0.409167
0.610394
0.000000
0.000000
0.000000
0.766897
0.384199
0.728131
0.357771
0.559441
0.487527
0.803600
0.000000
0.567495
0.000000
0.836250
0.662237
0.974849
0.000000
0.628244
0.939952
0.683536
0.458923
0.000000
0.813369
0.596048
0.164940
0.042954
0.987846
0.000000
0.040236
0.269418
0.934468
0.000000
0.000000
0.355417
0.679896
0.000000
0.575583
0.000000
0.000000
0.000000
0.000000
0.043665
0.000000
0.000727
0.000000
0.389345
0.884329
0.000000
0.260114
0.000000
0.000000
0.000000
0.000000
0.182157
0.755257
0.476241
0.279313
0.837985
0.134948
0.000000
0.000000
0.000000
0.908940
0.030023
0.000000
0.537286
0.070656
0.775881
