0.397191
0.328184
0.000000
0.000000
0.000000
0.339951
0.000000
0.000000
0.000000
0.084932
0.000000
0.090087
0.808538
0.390032
0.649034
0.000000
0.000000
0.582108
0.042127
0.000000
0.000000
0.347988
0.000000
0.156260
0.000000
0.615159
0.329743
0.369612
0.000000
0.977903
0.089036
0.820217
0.000000
0.000000
0.000000
0.755855
0.699676
0.225953
0.178605
0.659598
0.210726
0.599143
0.000000
0.322972
0.000000
0.492457
0.582319
0.879530
0.000000
0.046499
0.132867
0.215825
0.095124
0.000000
0.450562
0.503530
0.629978
0.761593
0.621086
0.000000
0.183346
0.491852
0.827892
0.000000
0.000000
0.390924
0.208818
0.000000
0.768112
0.000000
0.000000
0.000000
0.000000
0.258275
0.000000
0.868929
0.000000
0.044870
0.782488
0.000000
0.287596
0.000000
0.000000
0.000000
0.000000
0.891999
0.827011
0.928191
0.827652
0.392816
0.134347
0.000000
0.000000
0.000000
0.735810
0.923057
0.000000
0.632558
0.713474
0.438521
