0.576398
0.137435
0.000000
0.000000
0.000000
0.894819
0.000000
0.000000
0.000000
0.868541
0.000000
0.036810
0.968808
0.634374
0.865862
0.000000
0.000000
0.713572
0.766363
0.000000
0.000000
0.702373
0.000000
0.956210
0.000000
0.147209
0.483991
0.524089
0.000000
0.920248
0.276732
0.411351
0.000000
0.000000
0.000000
0.872438
0.388016
0.733808
0.357190
0.535793
0.260474
0.683895
0.000000
0.742829
0.000000
0.959615
0.605577
0.933725
0.000000
0.692542
0.977621
0.626954
0.461432
0.000000
0.912496
0.533265
0.110746
0.159820
0.556184
0.000000
0.045982
0.230333
0.826312
0.000000
0.000000
0.415669
0.801303
0.000000
0.635256
0.000000
0.000000
0.000000
0.000000
0.044413
0.000000
0.000293
0.000000
0.205231
0.977253
0.000000
0.277565
0.000000
0.000000
0.000000
0.000000
0.223612
0.993568
0.432257
0.612911
0.700213
0.188733
0.000000
0.000000
0.000000
0.926731
0.084403
0.000000
0.502260
0.159625
0.798699
