0.740773
0.058537
0.000000
0.000000
0.000000
0.861085
0.000000
0.000000
0.000000
0.934174
0.000000
0.089131
0.988278
0.681079
0.890261
0.000000
0.000000
0.581935
0.726059
0.000000
0.000000
0.885144
0.000000
0.747175
0.000000
0.329349
0.695421
0.541532
0.000000
0.925071
0.414791
0.355870
0.000000
0.000000
0.000000
0.966165
0.545164
0.687780
0.181794
0.914924
0.264151
0.584080
0.000000
0.826519
0.000000
0.954483
0.409587
0.989001
0.000000
0.743781
0.950975
0.643515
0.373184
0.000000
0.936425
0.697850
0.058710
0.402015
0.334161
0.000000
0.038096
0.167687
0.759006
0.000000
0.000000
0.584503
0.990073
0.000000
0.628335
0.000000
0.000000
0.000000
0.000000
0.057620
0.000000
0.000686
0.000000
0.357366
0.919996
0.000000
0.229500
0.000000
0.000000
0.000000
0.000000
0.429336
0.622599
0.431356
0.839593
0.776055
0.287592
0.000000
0.000000
0.000000
0.837898
0.132612
0.000000
0.369475
0.191492
0.940090
