0.841763
0.233557
0.000000
0.000000
0.000000
0.293737
0.000000
0.000000
0.000000
0.018215
0.000000
0.823792
0.037620
0.030149
0.772012
0.000000
0.000000
0.379579
0.098758
0.000000
0.000000
0.554564
0.000000
0.673590
0.000000
0.167017
0.679116
0.298498
0.000000
0.172665
0.683460
0.290754
0.000000
0.000000
0.000000
0.692172
0.841797
0.567395
0.574517
0.321619
0.237333
0.922338
0.000000
0.742343
0.000000
0.065655
0.980650
0.685948
0.000000
0.392956
0.127535
0.279285
0.295987
0.000000
0.313081
0.520108
0.570358
0.534359
0.522560
0.000000
0.006734
0.836048
0.806867
0.000000
0.000000
0.416235
0.195683
0.000000
0.873256
0.000000
0.000000
0.000000
0.000000
0.807896
0.000000
0.232469
0.000000
0.031313
0.299334
0.000000
0.199243
0.000000
0.000000
0.000000
0.000000
0.320898
0.027566
0.908641
0.781612
0.766730
0.767473
0.000000
0.000000
0.000000
0.469765
0.891928
0.000000
0.136920
0.598246
0.847282
