0.740773
0.576398
0.633961
0.460843
0.242782
0.230135
0.338517
0.724065
0.706703
0.397191
0.153954
0.056952
0.100081
0.140537
0.307209
0.690714
0.869768
0.841763
0.058537
0.137435
0.280837
0.333691
0.408699
0.385368
0.132313
0.087880
0.158593
0.328184
0.358103
0.047368
0.004690
0.007459
0.032428
0.134998
0.350552
0.233557
0.000000
0.000000
0.000000
0.000000
0.000000
0.000000
0.000000
0.000000
0.000000
0.000000
0.000000
0.000000
0.000000
0.000000
0.000000
0.000000
0.000000
0.000000
0.000000
0.000000
0.000000
0.000000
0.000000
0.000000
0.000000
0.000000
0.000000
0.000000
0.000000
0.000000
0.000000
0.000000
0.000000
0.000000
0.000000
0.000000
0.000000
0.000000
0.000000
0.000000
0.000000
0.000000
0.000000
0.000000
0.000000
0.000000
0.000000
0.000000
0.000000
0.000000
0.000000
0.000000
0.000000
0.000000
0.861085
0.894819
0.821253
0.391917
0.347861
0.660045
0.875929
0.989279
0.888938
0.339951
0.333289
0.925364
0.666429
0.950510
0.949640
0.722561
0.413761
0.293737
0.000000
0.000000
0.000000
0.000000
0.000000
0.000000
0.000000
0.000000
0.000000
0.000000
0.000000
0.000000
0.000000
0.000000
0.000000
0.000000
0.000000
0.000000
0.000000
0.000000
0.000000
0.000000
0.000000
0.000000
0.000000
0.000000
0.000000
0.000000
0.000000
0.000000
0.000000
0.000000
0.000000
0.000000
0.000000
0.000000
0.000000
0.000000
0.000000
0.000000
0.000000
0.000000
0.000000
0.000000
0.000000
0.000000
0.000000
0.000000
0.000000
0.000000
0.000000
0.000000
0.000000
0.000000
0.934174
0.868541
0.968977
0.903851
0.419113
0.190245
0.068973
0.084841
0.446526
0.084932
0.033332
0.015191
0.035969
0.106111
0.071878
0.043717
0.029442
0.018215
0.000000
0.000000
0.000000
0.000000
0.000000
0.000000
0.000000
0.000000
0.000000
0.000000
0.000000
0.000000
0.000000
0.000000
0.000000
0.000000
0.000000
0.000000
0.089131
0.036810
0.027213
0.052659
0.095810
0.058068
0.078277
0.343133
0.491095
0.090087
0.052775
0.058092
0.116834
0.266008
0.631865
0.964848
0.780952
0.823792
0.988278
0.968808
0.866572
0.862244
0.678910
0.927027
0.817877
0.930324
0.564958
0.808538
0.552129
0.714563
0.722669
0.419258
0.289431
0.278503
0.094207
0.037620
0.681079
0.634374
0.567215
0.824203
0.712588
0.474768
0.367796
0.744335
0.676313
0.390032
0.177977
0.121476
0.187472
0.190262
0.108091
0.072144
0.051570
0.030149
0.890261
0.865862
0.687436
0.476574
0.512975
0.804700
0.939162
0.818162
0.931997
0.649034
0.960707
0.683966
0.438896
0.506886
0.884083
0.687436
0.607186
0.772012
0.000000
0.000000
0.000000
0.000000
0.000000
0.000000
0.000000
0.000000
0.000000
0.000000
0.000000
0.000000
0.000000
0.000000
0.000000
0.000000
0.000000
0.000000
0.000000
0.000000
0.000000
0.000000
0.000000
0.000000
0.000000
0.000000
0.000000
0.000000
0.000000
0.000000
0.000000
0.000000
0.000000
0.000000
0.000000
0.000000
0.581935
0.713572
0.693368
0.580208
0.652028
0.951625
0.466576
0.333844
0.748200
0.582108
0.915656
0.719667
0.677414
0.713714
0.547524
0.422960
0.503494
0.379579
0.726059
0.766363
0.698694
0.420995
0.391457
0.151445
0.098237
0.302089
0.462612
0.042127
0.013903
0.053953
0.124478
0.160375
0.188815
0.126522
0.097647
0.098758
0.000000
0.000000
0.000000
0.000000
0.000000
0.000000
0.000000
0.000000
0.000000
0.000000
0.000000
0.000000
0.000000
0.000000
0.000000
0.000000
0.000000
0.000000
0.000000
0.000000
0.000000
0.000000
0.000000
0.000000
0.000000
0.000000
0.000000
0.000000
0.000000
0.000000
0.000000
0.000000
0.000000
0.000000
0.000000
0.000000
0.885144
0.702373
0.620206
0.831931
0.937662
0.864587
0.865405
0.925283
0.913767
0.347988
0.631709
0.865405
0.733046
0.527594
0.420605
0.578467
0.611496
0.554564
0.000000
0.000000
0.000000
0.000000
0.000000
0.000000
0.000000
0.000000
0.000000
0.000000
0.000000
0.000000
0.000000
0.000000
0.000000
0.000000
0.000000
0.000000
0.747175
0.956210
0.882772
0.805840
0.915319
0.727606
0.291839
0.099492
0.208296
0.156260
0.135216
0.437334
0.888135
0.485761
0.273343
0.290617
0.425921
0.673590
0.000000
0.000000
0.000000
0.000000
0.000000
0.000000
0.000000
0.000000
0.000000
0.000000
0.000000
0.000000
0.000000
0.000000
0.000000
0.000000
0.000000
0.000000
0.329349
0.147209
0.064123
0.030451
0.040547
0.160327
0.250514
0.383895
0.434207
0.615159
0.226523
0.140522
0.049594
0.035380
0.097132
0.107138
0.107812
0.167017
0.695421
0.483991
0.452164
0.435054
0.410880
0.712593
0.880899
0.902035
0.604616
0.329743
0.460181
0.504501
0.482544
0.496370
0.607071
0.729087
0.688372
0.679116
0.541532
0.524089
0.628490
0.850988
0.841967
0.720381
0.858465
0.480776
0.090130
0.369612
0.489776
0.482573
0.391337
0.347865
0.456925
0.459540
0.331215
0.298498
0.000000
0.000000
0.000000
0.000000
0.000000
0.000000
0.000000
0.000000
0.000000
0.000000
0.000000
0.000000
0.000000
0.000000
0.000000
0.000000
0.000000
0.000000
0.925071
0.920248
0.932657
0.818358
0.598709
0.351481
0.191278
0.104564
0.346334
0.977903
0.713022
0.491788
0.496207
0.421839
0.184231
0.154155
0.222717
0.172665
0.414791
0.276732
0.409167
0.645313
0.897495
0.544375
0.610141
0.763239
0.656718
0.089036
0.094229
0.333097
0.559019
0.462761
0.470005
0.687712
0.675135
0.683460
0.355870
0.411351
0.610394
0.522464
0.306451
0.229139
0.430882
0.669787
0.761873
0.820217
0.237639
0.242476
0.348385
0.397589
0.489601
0.374699
0.279836
0.290754
0.000000
0.000000
0.000000
0.000000
0.000000
0.000000
0.000000
0.000000
0.000000
0.000000
0.000000
0.000000
0.000000
0.000000
0.000000
0.000000
0.000000
0.000000
0.000000
0.000000
0.000000
0.000000
0.000000
0.000000
0.000000
0.000000
0.000000
0.000000
0.000000
0.000000
0.000000
0.000000
0.000000
0.000000
0.000000
0.000000
0.000000
0.000000
0.000000
0.000000
0.000000
0.000000
0.000000
0.000000
0.000000
0.000000
0.000000
0.000000
0.000000
0.000000
0.000000
0.000000
0.000000
0.000000
0.966165
0.872438
0.766897
0.606122
0.577472
0.643554
0.875692
0.702855
0.267998
0.755855
0.412766
0.930745
0.883211
0.968997
0.957944
0.875794
0.794158
0.692172
0.545164
0.388016
0.384199
0.456642
0.565730
0.386985
0.345635
0.397370
0.718816
0.699676
0.917221
0.730070
0.592919
0.823627
0.987627
0.841704
0.947058
0.841797
0.687780
0.733808
0.728131
0.663171
0.635196
0.307874
0.121496
0.162063
0.444422
0.225953
0.418247
0.403148
0.094909
0.046618
0.135604
0.313701
0.429629
0.567395
0.181794
0.357190
0.357771
0.385562
0.646391
0.840706
0.519901
0.311848
0.260123
0.178605
0.120388
0.045453
0.070465
0.192453
0.322027
0.664446
0.752771
0.574517
0.914924
0.535793
0.559441
0.964690
0.607336
0.566350
0.685544
0.854277
0.695408
0.659598
0.381064
0.224469
0.134047
0.197476
0.176953
0.150202
0.239918
0.321619
0.264151
0.260474
0.487527
0.860919
0.928766
0.979782
0.704086
0.727544
0.805803
0.210726
0.059577
0.141761
0.442068
0.383410
0.225148
0.238900
0.285717
0.237333
0.584080
0.683895
0.803600
0.661268
0.687717
0.527993
0.256849
0.381726
0.307564
0.599143
0.957290
0.719206
0.717141
0.665106
0.569574
0.699571
0.737396
0.922338
0.000000
0.000000
0.000000
0.000000
0.000000
0.000000
0.000000
0.000000
0.000000
0.000000
0.000000
0.000000
0.000000
0.000000
0.000000
0.000000
0.000000
0.000000
0.826519
0.742829
0.567495
0.733422
0.706529
0.600977
0.527749
0.369872
0.095692
0.322972
0.613264
0.752213
0.814353
0.843300
0.752736
0.660952
0.994182
0.742343
0.000000
0.000000
0.000000
0.000000
0.000000
0.000000
0.000000
0.000000
0.000000
0.000000
0.000000
0.000000
0.000000
0.000000
0.000000
0.000000
0.000000
0.000000
0.954483
0.959615
0.836250
0.781076
0.694887
0.490596
0.330288
0.204744
0.468066
0.492457
0.267158
0.236402
0.172599
0.049103
0.034774
0.057655
0.069084
0.065655
0.409587
0.605577
0.662237
0.963927
0.683029
0.820596
0.902120
0.839860
0.726339
0.582319
0.340779
0.179713
0.108197
0.250144
0.531554
0.647220
0.841399
0.980650
0.989001
0.933725
0.974849
0.753386
0.776269
0.683153
0.703000
0.540178
0.225313
0.879530
0.677663
0.617151
0.824326
0.854687
0.718939
0.874743
0.988291
0.685948
0.000000
0.000000
0.000000
0.000000
0.000000
0.000000
0.000000
0.000000
0.000000
0.000000
0.000000
0.000000
0.000000
0.000000
0.000000
0.000000
0.000000
0.000000
0.743781
0.692542
0.628244
0.631080
0.934905
0.693879
0.510877
0.322048
0.198309
0.046499
0.147052
0.197903
0.154477
0.158866
0.226374
0.312077
0.375771
0.392956
0.950975
0.977621
0.939952
0.939074
0.744478
0.701530
0.667791
0.601177
0.842123
0.132867
0.300686
0.446544
0.551566
0.995184
0.698293
0.475767
0.192099
0.127535
0.643515
0.626954
0.683536
0.528861
0.654912
0.876083
0.703542
0.602328
0.424087
0.215825
0.049400
0.058599
0.082778
0.062160
0.135508
0.267646
0.365222
0.279285
0.373184
0.461432
0.458923
0.292721
0.257267
0.318363
0.523591
0.440788
0.261540
0.095124
0.177334
0.202083
0.207085
0.198932
0.197032
0.212915
0.239894
0.295987
0.000000
0.000000
0.000000
0.000000
0.000000
0.000000
0.000000
0.000000
0.000000
0.000000
0.000000
0.000000
0.000000
0.000000
0.000000
0.000000
0.000000
0.000000
0.936425
0.912496
0.813369
0.870265
0.624072
0.323588
0.130018
0.063727
0.081666
0.450562
0.615236
0.883071
0.731101
0.583606
0.506081
0.636810
0.427075
0.313081
0.697850
0.533265
0.596048
0.948309
0.792705
0.849600
0.764817
0.241020
0.232264
0.503530
0.355403
0.708440
0.671270
0.355600
0.220735
0.248931
0.391204
0.520108
0.058710
0.110746
0.164940
0.196449
0.198902
0.319748
0.649843
0.944563
0.547043
0.629978
0.355574
0.306128
0.355777
0.296575
0.238954
0.240432
0.463554
0.570358
0.402015
0.159820
0.042954
0.015562
0.014526
0.039011
0.125975
0.316190
0.458318
0.761593
0.682751
0.629509
0.779243
0.518209
0.558933
0.468707
0.470035
0.534359
0.334161
0.556184
0.987846
0.636954
0.601828
0.662879
0.685270
0.836701
0.640607
0.621086
0.446632
0.363448
0.406332
0.509843
0.607698
0.825187
0.787589
0.522560
0.000000
0.000000
0.000000
0.000000
0.000000
0.000000
0.000000
0.000000
0.000000
0.000000
0.000000
0.000000
0.000000
0.000000
0.000000
0.000000
0.000000
0.000000
0.038096
0.045982
0.040236
0.037294
0.050388
0.072321
0.061125
0.033688
0.068807
0.183346
0.244601
0.327063
0.336347
0.114482
0.043629
0.022016
0.006771
0.006734
0.167687
0.230333
0.269418
0.341866
0.420314
0.524736
0.832107
0.978165
0.794305
0.491852
0.547095
0.445345
0.420084
0.548201
0.637163
0.532290
0.552759
0.836048
0.759006
0.826312
0.934468
0.900411
0.838173
0.898946
0.964750
0.672877
0.464610
0.827892
0.615612
0.479500
0.782243
0.926513
0.895695
0.969392
0.930868
0.806867
0.000000
0.000000
0.000000
0.000000
0.000000
0.000000
0.000000
0.000000
0.000000
0.000000
0.000000
0.000000
0.000000
0.000000
0.000000
0.000000
0.000000
0.000000
0.000000
0.000000
0.000000
0.000000
0.000000
0.000000
0.000000
0.000000
0.000000
0.000000
0.000000
0.000000
0.000000
0.000000
0.000000
0.000000
0.000000
0.000000
0.584503
0.415669
0.355417
0.416715
0.497535
0.862299
0.688030
0.990809
0.646306
0.390924
0.844744
0.411700
0.184425
0.394607
0.833236
0.829131
0.613657
0.416235
0.990073
0.801303
0.679896
0.727831
0.870954
0.449543
0.280920
0.039551
0.005603
0.208818
0.533964
0.581909
0.438005
0.244921
0.178416
0.150717
0.134466
0.195683
0.000000
0.000000
0.000000
0.000000
0.000000
0.000000
0.000000
0.000000
0.000000
0.000000
0.000000
0.000000
0.000000
0.000000
0.000000
0.000000
0.000000
0.000000
0.628335
0.635256
0.575583
0.773949
0.897735
0.744612
0.807671
0.723674
0.540291
0.768112
0.875139
0.847180
0.986321
0.981905
0.956372
0.974909
0.995328
0.873256
0.000000
0.000000
0.000000
0.000000
0.000000
0.000000
0.000000
0.000000
0.000000
0.000000
0.000000
0.000000
0.000000
0.000000
0.000000
0.000000
0.000000
0.000000
0.000000
0.000000
0.000000
0.000000
0.000000
0.000000
0.000000
0.000000
0.000000
0.000000
0.000000
0.000000
0.000000
0.000000
0.000000
0.000000
0.000000
0.000000
0.000000
0.000000
0.000000
0.000000
0.000000
0.000000
0.000000
0.000000
0.000000
0.000000
0.000000
0.000000
0.000000
0.000000
0.000000
0.000000
0.000000
0.000000
0.000000
0.000000
0.000000
0.000000
0.000000
0.000000
0.000000
0.000000
0.000000
0.000000
0.000000
0.000000
0.000000
0.000000
0.000000
0.000000
0.000000
0.000000
0.057620
0.044413
0.043665
0.052894
0.042731
0.112243
0.434100
0.767571
0.701026
0.258275
0.349314
0.593216
0.771642
0.847767
0.836949
0.976403
0.829935
0.807896
0.000000
0.000000
0.000000
0.000000
0.000000
0.000000
0.000000
0.000000
0.000000
0.000000
0.000000
0.000000
0.000000
0.000000
0.000000
0.000000
0.000000
0.000000
0.000686
0.000293
0.000727
0.001331
0.005472
0.018807
0.133464
0.589275
0.620559
0.868929
0.633810
0.375840
0.574563
0.919673
0.966927
0.754471
0.367128
0.232469
0.000000
0.000000
0.000000
0.000000
0.000000
0.000000
0.000000
0.000000
0.000000
0.000000
0.000000
0.000000
0.000000
0.000000
0.000000
0.000000
0.000000
0.000000
0.357366
0.205231
0.389345
0.484689
0.442479
0.300777
0.299988
0.243649
0.057769
0.044870
0.100334
0.259583
0.400847
0.171040
0.051758
0.054752
0.048023
0.031313
0.919996
0.977253
0.884329
0.796371
0.645422
0.933471
0.833752
0.974569
0.658687
0.782488
0.936478
0.901738
0.676392
0.537514
0.386652
0.276904
0.242385
0.299334
0.000000
0.000000
0.000000
0.000000
0.000000
0.000000
0.000000
0.000000
0.000000
0.000000
0.000000
0.000000
0.000000
0.000000
0.000000
0.000000
0.000000
0.000000
0.229500
0.277565
0.260114
0.129594
0.112499
0.273002
0.243084
0.049130
0.090686
0.287596
0.288928
0.482337
0.589919
0.540361
0.307640
0.167328
0.149444
0.199243
0.000000
0.000000
0.000000
0.000000
0.000000
0.000000
0.000000
0.000000
0.000000
0.000000
0.000000
0.000000
0.000000
0.000000
0.000000
0.000000
0.000000
0.000000
0.000000
0.000000
0.000000
0.000000
0.000000
0.000000
0.000000
0.000000
0.000000
0.000000
0.000000
0.000000
0.000000
0.000000
0.000000
0.000000
0.000000
0.000000
0.000000
0.000000
0.000000
0.000000
0.000000
0.000000
0.000000
0.000000
0.000000
0.000000
0.000000
0.000000
0.000000
0.000000
0.000000
0.000000
0.000000
0.000000
0.000000
0.000000
0.000000
0.000000
0.000000
0.000000
0.000000
0.000000
0.000000
0.000000
0.000000
0.000000
0.000000
0.000000
0.000000
0.000000
0.000000
0.000000
0.429336
0.223612
0.182157
0.454113
0.693290
0.735941
0.862268
0.831504
0.969055
0.891999
0.857799
0.828318
0.959072
0.826006
0.539171
0.301658
0.270552
0.320898
0.622599
0.993568
0.755257
0.763249
0.312768
0.242731
0.342416
0.279485
0.435104
0.827011
0.312794
0.045876
0.029918
0.043501
0.032617
0.018087
0.016300
0.027566
0.431356
0.432257
0.476241
0.369882
0.359545
0.539792
0.903762
0.507073
0.430369
0.928191
0.412504
0.455901
0.463957
0.552982
0.780614
0.561148
0.533645
0.908641
0.839593
0.612911
0.279313
0.191078
0.312518
0.578589
0.782650
0.991642
0.913316
0.827652
0.966579
0.795142
0.869277
0.913316
0.818285
0.770400
0.977577
0.781612
0.776055
0.700213
0.837985
0.887511
0.995544
0.854284
0.798901
0.338216
0.339550
0.392816
0.915256
0.397144
0.216860
0.333932
0.595799
0.830729
0.903585
0.766730
0.287592
0.188733
0.134948
0.115602
0.180138
0.297025
0.416198
0.776398
0.982936
0.134347
0.060522
0.118970
0.166860
0.206983
0.284394
0.525606
0.947164
0.767473
0.000000
0.000000
0.000000
0.000000
0.000000
0.000000
0.000000
0.000000
0.000000
0.000000
0.000000
0.000000
0.000000
0.000000
0.000000
0.000000
0.000000
0.000000
0.000000
0.000000
0.000000
0.000000
0.000000
0.000000
0.000000
0.000000
0.000000
0.000000
0.000000
0.000000
0.000000
0.000000
0.000000
0.000000
0.000000
0.000000
0.000000
0.000000
0.000000
0.000000
0.000000
0.000000
0.000000
0.000000
0.000000
0.000000
0.000000
0.000000
0.000000
0.000000
0.000000
0.000000
0.000000
0.000000
0.837898
0.926731
0.908940
0.671650
0.416632
0.629967
0.750066
0.922408
0.749982
0.735810
0.862527
0.814424
0.660471
0.402440
0.490497
0.574470
0.491915
0.469765
0.132612
0.084403
0.030023
0.008621
0.009114
0.015665
0.011369
0.008489
0.022645
0.923057
0.712849
0.849269
0.895444
0.882268
0.911886
0.948739
0.865343
0.891928
0.000000
0.000000
0.000000
0.000000
0.000000
0.000000
0.000000
0.000000
0.000000
0.000000
0.000000
0.000000
0.000000
0.000000
0.000000
0.000000
0.000000
0.000000
0.369475
0.502260
0.537286
0.498448
0.603268
1.000000
0.696192
0.597435
0.851587
0.632558
0.923507
0.867101
0.706064
0.285913
0.226392
0.168208
0.094000
0.136920
0.191492
0.159625
0.070656
0.032318
0.021157
0.052015
0.097757
0.061115
0.159256
0.713474
0.818351
0.443478
0.466229
0.991862
0.831951
0.805592
0.548201
0.598246
0.940090
0.798699
0.775881
0.739248
0.963955
0.348768
0.340718
0.893260
0.548248
0.438521
0.902108
0.615416
0.872059
0.565586
0.838055
0.838261
0.783290
0.847282
