0.149799
0.459605
0.478476
0.014049
0.144080
0.882581
0.016935
0.335704
0.673353
0.053040
0.737846
0.184338
0.044231
0.092521
0.170511
0.809764
0.594157
0.850280
0.436746
0.273746
0.709515
0.228003
0.319493
0.166371
0.822540
0.014125
0.686946
0.406305
0.956759
0.425708
0.148305
0.346760
0.005512
0.203688
0.791827
0.681514
0.483826
0.619648
0.525756
0.060153
0.924490
0.031024
0.686002
0.122757
0.681750
0.011462
0.354386
0.620832
0.549192
0.767175
0.631732
0.033861
0.002491
0.974554
0.023730
0.175645
0.475323
0.051878
0.779869
0.270108
0.325410
0.089543
0.093699
0.062538
0.585234
0.318812
0.501263
0.183280
0.795734
0.690484
0.493945
0.705768
0.733235
0.003376
0.149799
0.372609
0.754423
0.327746
0.234630
0.956547
0.671459
0.136890
0.203628
0.227078
0.900499
0.881346
0.060594
0.219269
0.931393
0.753742
0.578912
0.594275
0.327572
0.111933
0.089993
0.628057
0.783729
0.076186
0.547005
0.117369
0.495383
0.463885
0.267778
0.195127
0.612197
0.967387
0.917699
0.251747
0.441017
0.459498
0.476517
0.133200
0.173512
0.090054
0.556001
0.572141
0.357504
0.606646
0.086652
0.438202
0.063060
0.944472
0.723159
0.295696
0.670156
0.813143
0.130301
0.382422
0.520096
0.024382
0.232471
0.974632
0.152920
0.085495
0.379834
0.341380
0.404413
0.840827
0.261761
0.573890
0.179538
0.854443
0.174097
0.789537
0.441540
0.279968
0.739686
0.002776
0.883021
0.993961
0.422846
0.861403
0.261687
0.191360
0.268603
0.079192
0.263607
0.028017
0.707408
0.247274
0.332803
0.112701
0.972690
0.455557
0.953572
0.353107
0.641220
0.184338
0.579029
0.674892
0.069140
0.287556
0.046162
0.662335
0.280200
0.808491
0.148305
0.068173
0.394155
0.123272
0.498042
0.199727
0.082804
0.845581
0.660557
0.954121
0.039230
0.483826
0.714891
0.239131
0.317877
0.301134
0.753969
0.783509
0.453647
0.105847
0.555307
0.221072
0.078231
0.231398
0.021854
0.663165
0.488214
0.623555
0.164688
0.954066
0.607945
0.615980
0.883109
0.691427
0.699312
0.152349
0.480110
0.757031
0.504270
0.160617
0.335969
0.995487
0.553805
0.330529
0.309550
0.451423
0.883021
0.306478
0.744503
0.600160
0.147933
0.963333
0.303674
0.039985
0.561211
0.898282
0.837428
0.673708
0.565042
0.202421
0.210244
0.155467
0.870161
0.092799
0.980645
0.713256
0.988388
0.712555
0.878858
0.004408
0.870161
0.470126
0.058972
0.444996
0.796275
0.383576
0.160419
0.614443
0.707876
0.027496
0.340934
0.517727
0.056772
0.376591
0.369969
0.202602
0.140846
0.621424
0.771761
0.992738
0.453117
0.144944
0.340222
0.091600
0.239199
0.546315
0.148165
0.049168
0.900009
0.466677
0.943187
0.698254
0.305734
0.290728
0.436643
0.010084
0.652254
0.589810
0.427657
0.840429
0.894200
0.316351
0.249113
0.836825
0.551151
0.486676
0.636238
0.332540
0.454283
0.454283
0.196064
0.101819
0.052042
0.896209
0.263385
0.252821
0.769862
0.266805
0.583945
0.434153
0.153398
0.239956
0.561211
0.467108
0.889103
0.393959
0.168068
0.930094
0.594157
0.333241
0.670393
0.417864
0.370252
0.195888
0.517389
0.887207
0.070457
0.170668
0.300236
0.467000
0.087293
0.177529
0.715474
0.526550
0.952351
0.193555
0.667432
0.370628
0.896791
0.637305
0.622845
0.479674
0.490194
0.101117
0.661149
0.908747
0.385986
0.944715
0.910620
0.515474
0.255992
0.440913
0.069045
0.463348
0.883197
0.495494
0.664824
0.989892
0.427965
0.915447
0.317537
0.872906
0.176504
0.804338
0.104914
0.895959
0.159923
0.891240
0.258463
0.071625
0.626635
0.807854
0.810504
0.942073
0.196064
0.283939
0.198895
0.787351
0.657473
0.449627
0.798543
0.719321
0.788663
0.733120
0.010593
0.681160
0.820674
0.506614
0.396901
0.558894
0.113585
0.798758
0.570160
0.637424
0.696490
0.908669
0.971249
0.579263
0.738421
0.344511
0.996584
0.376210
0.472180
0.305321
0.859129
0.457792
0.459284
0.922765
0.582540
0.149004
0.157706
0.801017
0.978786
0.984968
0.000111
0.625332
0.801125
0.870528
0.968677
0.616808
0.259705
0.216778
0.716641
0.223798
0.365472
0.291925
0.215572
0.100154
0.208143
0.615980
0.025247
0.814720
0.640152
0.423561
0.932881
0.520548
0.733004
0.794434
0.316182
0.597099
0.202542
0.173566
0.360548
0.549883
0.514686
0.009210
0.484592
0.942073
0.479783
0.792262
0.708696
0.541722
0.033251
0.376781
0.694136
0.069856
0.744389
0.695784
0.060868
0.689777
0.700017
0.886601
0.252678
0.270561
0.727220
0.402032
0.376496
0.163473
0.098806
0.458325
0.979440
0.977331
0.236872
0.821608
0.738766
0.789210
0.061229
0.501931
0.510420
0.279968
0.908747
0.290569
0.622371
0.345499
0.162868
0.721764
0.031412
0.547580
0.207651
0.967207
0.129513
0.828918
0.446362
0.018182
0.162065
0.375260
0.609362
0.245516
0.247556
0.401636
0.949105
0.389766
0.743014
0.884424
0.092090
0.899352
0.429096
0.520435
0.903742
0.246640
0.316097
0.132565
0.470018
0.777877
0.784608
0.995651
0.694019
0.640033
0.861969
0.120561
0.966981
0.504159
0.479783
0.112262
0.752946
0.553459
0.027153
0.107420
0.744160
0.670275
0.251747
0.607945
0.128852
0.305734
0.703305
0.530527
0.436643
0.113695
0.852028
0.930094
0.272605
0.428993
0.893696
0.755671
0.776546
0.282923
0.669564
0.591454
0.731156
0.569112
0.172454
0.483497
0.594510
0.719554
0.546315
0.002303
0.411910
0.204415
0.315928
0.908119
0.434153
0.106894
0.925486
0.752832
0.271392
0.363795
0.436954
0.704947
0.764030
0.330529
0.305899
0.499152
0.665773
0.506614
0.049939
0.170511
0.178178
0.304991
0.777988
0.244257
0.402131
0.097636
0.019804
0.914841
0.261835
0.051116
0.701074
0.215572
0.079004
0.589457
0.999419
0.838831
0.358241
0.321115
0.427554
0.504159
0.009351
0.336498
0.877157
0.008872
0.450155
0.854250
0.587580
0.065233
0.378974
0.571208
0.574240
0.147933
0.453435
0.763693
0.801876
0.026934
0.137107
0.841921
0.586993
0.832584
0.004149
0.392786
0.175752
0.977870
0.923198
0.039570
0.995626
0.154406
0.756125
0.361381
0.185568
0.615862
0.441331
0.113880
0.737961
0.535657
0.944836
0.278113
0.043078
0.246359
0.982276
0.043604
0.378592
0.569461
0.589575
0.332015
0.150504
0.654982
0.088976
0.942011
0.721997
0.361104
0.332628
0.399560
0.753855
0.892767
0.832584
0.276805
0.269505
0.318897
0.853189
0.326187
0.251747
0.376305
0.108373
0.180907
0.543672
0.275426
0.262794
0.319663
0.092953
0.119476
0.789210
0.195244
0.009351
0.130927
0.702483
0.519419
0.878769
0.851931
0.227474
0.460352
0.014957
0.282376
0.280821
0.776990
0.579731
0.423050
0.813459
0.223798
0.724901
0.108480
0.553112
0.551612
0.634814
0.521113
0.444052
0.748276
0.374407
0.008861
0.041105
0.011550
0.859224
0.459178
0.625806
0.811772
0.390349
0.189242
0.013937
0.372137
0.502599
0.222496
0.316013
0.404314
0.045672
0.449416
0.428068
0.748162
0.436331
0.281209
0.049221
0.451317
0.110880
0.671340
0.869332
0.395527
0.295858
0.748846
0.034859
0.350650
0.939747
0.952852
0.679150
0.004937
0.014513
0.954176
0.690956
0.452587
0.668972
0.835517
0.184449
0.184449
0.563764
0.636000
0.220105
0.075515
0.048306
0.195244
0.621661
0.583828
0.374028
0.549537
0.836222
0.784278
0.830653
0.253827
0.785597
0.857701
0.144944
0.771203
0.849696
0.051206
0.632443
0.837729
0.595804
0.098741
0.748846
0.552997
0.613261
0.644660
0.149565
0.268904
0.338978
0.337205
0.349289
0.136197
0.193207
0.672288
0.290489
0.225564
0.422744
0.575407
0.233683
0.052006
0.839531
0.777988
0.834710
0.417458
0.003535
0.414426
0.587697
0.235511
0.562487
0.327746
0.999145
0.272681
0.074849
0.775213
0.565623
0.910930
0.088738
0.128440
0.613852
0.624858
0.689187
0.963909
0.087998
0.858654
0.248404
0.725481
0.264052
0.741179
0.363051
0.376591
0.203507
0.866184
0.377257
0.252391
0.688598
0.975018
0.680687
0.799297
0.621661
0.029942
0.634459
0.094638
0.580901
0.072710
0.562023
0.161215
0.345499
0.499041
0.536686
0.678441
0.157022
0.425606
0.717923
0.098610
0.710100
0.380217
0.084552
0.056297
0.064360
0.040114
0.262203
0.592394
0.169937
0.086884
0.096542
0.495936
0.150504
0.778652
0.029844
0.031070
0.750442
0.805086
0.066551
0.872268
0.898117
0.545395
0.133582
0.824813
0.767287
0.181017
0.008224
0.555770
0.144080
0.498708
0.648338
0.417256
0.677495
0.984515
0.266507
0.199489
0.217223
0.486895
0.739915
0.252821
0.989225
0.652135
0.470126
0.533831
0.282532
0.687418
0.199311
0.682105
0.679150
0.004670
0.850961
0.357688
0.582657
0.017436
0.863473
0.390933
0.859224
0.799297
0.626280
0.957235
0.469371
0.085610
0.411006
0.292484
0.954775
0.032974
0.966434
0.075669
0.371948
0.488763
0.349471
0.607000
0.121537
0.513787
0.460886
0.078844
0.064382
0.161665
0.242377
0.161615
0.449733
0.878143
0.225893
0.717806
0.488324
0.071919
0.927530
0.605230
0.469371
0.884424
0.683759
0.264571
0.764817
0.093886
0.176182
0.848134
0.511317
0.373176
0.785597
0.445941
0.398279
0.546430
0.755444
0.904866
0.940317
0.211800
0.650711
0.271847
0.214372
0.779869
0.200443
0.602753
0.188275
0.661861
0.684349
0.441853
0.961970
0.043063
0.142815
0.061655
0.767063
0.246218
0.032343
0.082498
0.507509
0.210990
0.244047
0.056101
0.715474
0.460886
0.311554
0.973533
0.626280
0.319919
0.624621
0.144443
0.888501
0.614798
0.235715
0.850767
0.953792
0.544706
0.233549
0.832584
0.253899
0.373271
0.315252
0.729421
0.247909
0.609716
0.244886
0.764930
0.958590
0.156437
0.824297
0.445311
0.653796
0.584531
0.623200
0.392981
0.633629
0.593687
0.907646
0.349108
0.896542
0.037774
0.969419
0.964951
0.995787
0.057309
0.091508
0.164384
0.915144
0.048925
0.587580
0.969376
0.093232
0.958072
0.689659
0.459818
0.332715
0.417661
0.642762
0.796383
0.511653
0.186073
0.513787
0.085668
0.832280
0.247415
0.096350
0.736464
0.026227
0.939174
0.993235
0.201820
0.261908
0.765941
0.703305
0.621542
0.720950
0.522923
0.204597
0.776435
0.505051
0.974593
0.414225
0.371099
0.728611
0.591924
0.804445
0.895290
0.702483
0.767399
0.577626
0.928297
0.428376
0.577626
0.078178
0.678204
0.387534
0.621305
0.045461
0.931257
0.366406
0.840827
0.159972
0.044184
0.499374
0.257443
0.986330
0.287793
0.574590
0.198955
0.947467
0.318386
0.068785
0.499929
0.313063
0.963189
0.188786
0.837026
0.652965
0.498930
0.591571
0.234562
0.055807
0.444891
0.083224
0.230062
0.094105
0.515024
0.049500
0.742326
0.644660
0.743014
0.203628
0.109764
0.595098
0.506503
0.345140
0.882757
0.101384
0.935608
0.061059
0.615389
0.928922
0.180742
0.759746
0.272150
0.108693
0.014119
0.060636
0.925060
0.228533
0.004541
0.634577
0.116838
0.740260
0.040490
0.414225
0.877695
0.682814
0.855596
0.671222
0.634222
0.164790
0.955209
0.037556
0.123073
0.300236
0.378401
0.367997
0.081282
0.971333
0.257153
0.982524
0.078470
0.957811
0.333066
0.819842
0.246218
0.986144
0.429199
0.357873
0.993564
0.662454
0.006738
0.214120
0.286136
0.728147
0.932746
0.938212
0.334207
0.469263
0.115183
0.310551
0.707525
0.693783
0.095111
0.087557
0.901965
0.052743
0.728147
0.782077
0.293285
0.421826
0.337117
0.012909
0.205449
0.300971
0.969808
0.606410
0.581720
0.826870
0.106439
0.713840
0.961377
0.633747
0.528139
0.933351
0.465387
0.428993
0.184003
0.950600
0.346760
0.344780
0.356127
0.900908
0.836725
0.392786
0.607590
0.090778
0.040490
0.317198
0.586876
0.266507
0.537486
0.388989
0.139561
0.500374
0.804872
0.413620
0.443214
0.504047
0.506726
0.280045
0.963766
0.084523
0.623318
0.718971
0.216969
0.389086
0.058501
0.876887
0.080163
0.004173
0.602400
0.974710
0.288901
0.044723
0.821608
0.691545
0.619885
0.531666
0.097507
0.174736
0.202241
0.498597
0.066688
0.175699
0.572024
0.851253
0.187482
0.317029
0.728263
0.331665
0.258463
0.926053
0.345409
0.288030
0.154021
0.111605
0.911472
0.234021
0.689659
0.439348
0.379834
0.401042
0.284487
0.007421
0.495162
0.019582
0.426733
0.631969
0.116800
0.824297
0.072561
0.308717
0.390155
0.091295
0.621305
0.663165
0.398476
0.662572
0.060091
0.241960
0.817444
0.317198
0.810716
0.382134
0.616572
0.978890
0.249467
0.378019
0.982276
0.874451
0.740030
0.624266
0.836825
0.952741
0.586289
0.097120
0.437994
0.789537
0.551958
0.700722
0.969419
0.869517
0.574824
0.070893
0.880992
0.719088
0.961624
0.415032
0.742097
0.399560
0.456727
0.833091
0.205632
0.517727
0.926265
0.926265
0.164130
0.943862
0.475214
0.293044
0.286530
0.358425
0.027213
0.475757
0.658896
0.543787
0.362866
0.611606
0.296665
0.299829
0.215129
0.985163
0.726989
0.639084
0.545395
0.425196
0.228798
0.455132
0.071258
0.541264
0.729652
0.740375
0.863942
0.833800
0.367155
0.659964
0.870436
0.936265
0.134264
0.946459
0.553921
0.025842
0.862816
0.184170
0.817444
0.541608
0.091143
0.989651
0.038963
0.116083
0.066094
0.231733
0.536114
0.169780
0.178178
0.548271
0.172191
0.541837
0.248617
0.970703
0.679978
0.932679
0.757031
0.803590
0.771538
0.631732
0.490965
0.511765
0.080217
0.195478
0.642762
0.216396
0.570626
0.570509
0.576692
0.439557
0.029550
0.578211
0.357321
0.435708
0.325669
0.402924
0.463241
0.733928
0.364913
0.337205
0.329745
0.942073
0.072735
0.943187
0.305404
0.788882
0.629953
0.552651
0.584297
0.646440
0.847742
0.817130
0.015461
0.670156
0.809552
0.836524
0.221718
0.594510
0.569112
0.574473
0.763805
0.048357
0.603461
0.156243
0.119206
0.554152
0.970956
0.659252
0.953241
0.530527
0.918592
0.636712
0.490084
0.541608
0.318047
0.613734
0.842021
0.627583
0.315084
0.796275
0.937566
0.881346
0.181236
0.255558
0.331490
0.313399
0.289218
0.135765
0.964195
0.167656
0.226616
0.982861
0.359901
0.491296
0.276038
0.130843
0.997518
0.092090
0.964337
0.023198
0.110555
0.265017
0.433532
0.928991
0.681750
0.853286
0.202421
0.985163
0.619885
0.224059
0.538858
0.665417
0.556695
0.196240
0.439452
0.787788
0.186185
0.626161
0.782628
0.751923
0.256137
0.432188
0.574940
0.855500
0.712205
0.614325
0.803376
0.144990
0.685176
0.784828
0.495383
0.642287
0.563764
0.075721
0.545855
0.786035
0.103169
0.071112
0.513450
0.288505
0.308634
0.067103
0.297555
0.765042
0.783398
0.190441
0.490084
