0.116365
0.594654
0.000000
0.000000
0.000000
0.436432
0.000000
0.000000
0.000000
0.063698
0.000000
0.776382
0.970251
0.696595
0.198859
0.000000
0.000000
0.773390
0.307182
0.000000
0.000000
0.105763
0.000000
0.165240
0.000000
0.322921
0.716077
0.974935
0.000000
0.933471
0.443475
0.365183
0.000000
0.000000
0.000000
0.663449
0.857027
0.126106
0.559469
0.172826
0.026180
0.801796
0.000000
0.523270
0.000000
0.258449
0.614405
0.960670
0.000000
0.690136
0.583569
0.068258
0.230603
0.000000
0.941796
0.874895
0.940736
0.511796
0.278050
0.000000
0.294381
0.656808
0.897553
0.000000
0.000000
0.540886
0.614055
0.000000
0.113877
0.000000
0.000000
0.000000
0.000000
0.972858
0.000000
0.351863
0.000000
0.115466
0.546888
0.000000
0.516980
0.000000
0.000000
0.000000
0.000000
0.933380
0.499548
0.404002
0.201129
0.250450
0.334639
0.000000
0.000000
0.000000
0.481927
0.853936
0.000000
0.544340
0.687169
0.343414
