0.993327
0.310414
0.000000
0.000000
0.000000
0.559638
0.000000
0.000000
0.000000
0.353255
0.000000
0.288654
0.944326
0.419427
0.723975
0.000000
0.000000
0.615345
0.685159
0.000000
0.000000
0.094408
0.000000
0.104724
0.000000
0.730372
0.676827
0.853152
0.000000
0.829312
0.429127
0.326688
0.000000
0.000000
0.000000
0.840356
0.144494
0.003731
0.186007
0.727976
0.201081
0.761755
0.000000
0.715106
0.000000
0.009081
0.838116
0.422240
0.000000
0.263728
0.785510
0.693385
0.701549
0.000000
0.339058
0.802182
0.871435
0.673514
0.307022
0.000000
0.190573
0.693934
0.343239
0.000000
0.000000
0.420460
0.107896
0.000000
0.846178
0.000000
0.000000
0.000000
0.000000
0.344062
0.000000
0.149945
0.000000
0.227526
0.424586
0.000000
0.130301
0.000000
0.000000
0.000000
0.000000
0.993353
0.122714
0.102011
0.323964
0.220226
0.617909
0.000000
0.000000
0.000000
0.946974
0.090846
0.000000
0.815713
0.835854
0.755733
