0.512013
0.071106
0.000000
0.000000
0.000000
0.800020
0.000000
0.000000
0.000000
0.377237
0.000000
0.164126
0.907547
0.817781
0.711159
0.000000
0.000000
0.092570
0.272203
0.000000
0.000000
0.313256
0.000000
0.450815
0.000000
0.832907
0.106602
0.378446
0.000000
0.603589
0.320096
0.509439
0.000000
0.000000
0.000000
0.810940
0.076421
0.076650
0.767083
0.946940
0.872841
0.358481
0.000000
0.873282
0.000000
0.345386
0.001967
0.569418
0.000000
0.331907
0.239901
0.650602
0.641334
0.000000
0.522498
0.840751
0.625128
0.837638
0.722845
0.000000
0.266881
0.735176
0.054605
0.000000
0.000000
0.503734
0.116402
0.000000
0.375491
0.000000
0.000000
0.000000
0.000000
0.173166
0.000000
0.115841
0.000000
0.672555
0.858587
0.000000
0.578301
0.000000
0.000000
0.000000
0.000000
0.956743
0.257299
0.789532
0.062009
0.254751
0.144536
0.000000
0.000000
0.000000
0.511830
0.117879
0.000000
0.807766
0.666818
0.205901
