0.322424
0.206161
0.000000
0.000000
0.000000
0.190775
0.000000
0.000000
0.000000
0.080306
0.000000
0.210343
0.528695
0.602459
0.755949
0.000000
0.000000
0.125532
0.013659
0.000000
0.000000
0.988898
0.000000
0.359949
0.000000
0.280051
0.870951
0.361541
0.000000
0.251706
0.037719
0.378071
0.000000
0.000000
0.000000
0.733984
0.512571
0.056987
0.051423
0.355015
0.583034
0.805878
0.000000
0.668926
0.000000
0.670010
0.222378
0.736072
0.000000
0.284136
0.450671
0.352111
0.482435
0.000000
0.618569
0.290655
0.850014
0.792367
0.422915
0.000000
0.111741
0.383365
0.472520
0.000000
0.000000
0.530096
0.239977
0.000000
0.074034
0.000000
0.000000
0.000000
0.000000
0.823546
0.000000
0.914731
0.000000
0.079476
0.791063
0.000000
0.425744
0.000000
0.000000
0.000000
0.000000
0.294811
0.613641
0.116130
0.995885
0.435866
0.284459
0.000000
0.000000
0.000000
0.749632
0.639120
0.000000
0.088196
0.684419
0.459703
