0.590206
0.001963
0.000000
0.000000
0.000000
0.735012
0.000000
0.000000
0.000000
0.217437
0.000000
0.107581
0.687540
0.772402
0.589180
0.000000
0.000000
0.412808
0.485518
0.000000
0.000000
0.677299
0.000000
0.295729
0.000000
0.424701
0.796052
0.186549
0.000000
0.026854
0.175619
0.940597
0.000000
0.000000
0.000000
0.159937
0.776893
0.597883
0.450222
0.831486
0.803813
0.225231
0.000000
0.227368
0.000000
0.593822
0.882541
0.959739
0.000000
0.220083
0.058429
0.076221
0.350631
0.000000
0.927109
0.988804
0.875388
0.645155
0.344816
0.000000
0.932534
0.465140
0.787279
0.000000
0.000000
0.099498
0.432808
0.000000
0.937826
0.000000
0.000000
0.000000
0.000000
0.692411
0.000000
0.880936
0.000000
0.314236
0.561328
0.000000
0.334950
0.000000
0.000000
0.000000
0.000000
0.582018
0.041507
0.363826
0.371226
0.882667
0.413429
0.000000
0.000000
0.000000
0.676165
0.239847
0.000000
0.803483
0.550495
0.532799
