0.563515
0.550757
0.000000
0.000000
0.000000
0.449822
0.000000
0.000000
0.000000
0.906021
0.000000
0.819827
0.368624
0.942754
0.390751
0.000000
0.000000
0.518228
0.450146
0.000000
0.000000
0.991798
0.000000
0.146086
0.000000
0.013648
0.660580
0.100471
0.000000
0.285486
0.808972
0.613966
0.000000
0.000000
0.000000
0.122272
0.401210
0.724737
0.678273
0.742728
0.977779
0.504416
0.000000
0.147078
0.000000
0.926488
0.510539
0.597547
0.000000
0.104657
0.323630
0.865445
0.048813
0.000000
0.050555
0.353461
0.739346
0.605245
0.714865
0.000000
0.161720
0.432274
0.108691
0.000000
0.000000
0.032526
0.060276
0.000000
0.764988
0.000000
0.000000
0.000000
0.000000
0.674752
0.000000
0.074510
0.000000
0.172530
0.698576
0.000000
0.000308
0.000000
0.000000
0.000000
0.000000
0.755687
0.510019
0.308498
0.540071
0.298913
0.936421
0.000000
0.000000
0.000000
0.175875
0.178496
0.000000
0.344722
0.558076
0.662339
