0.740205
0.027970
0.000000
0.000000
0.000000
0.599244
0.000000
0.000000
0.000000
0.187365
0.000000
0.182693
0.546418
0.760827
0.649566
0.000000
0.000000
0.899286
0.170674
0.000000
0.000000
0.611056
0.000000
0.873884
0.000000
0.858550
0.184741
0.752948
0.000000
0.599566
0.971141
0.083553
0.000000
0.000000
0.000000
0.439764
0.030348
0.696819
0.958330
0.920229
0.984282
0.461701
0.000000
0.883023
0.000000
0.586194
0.003924
0.275067
0.000000
0.226246
0.952874
0.495259
0.894759
0.000000
0.172642
0.143808
0.765417
0.156723
0.492464
0.000000
0.393438
0.341715
0.128411
0.000000
0.000000
0.845425
0.295827
0.000000
0.758492
0.000000
0.000000
0.000000
0.000000
0.016351
0.000000
0.151580
0.000000
0.323368
0.555363
0.000000
0.284983
0.000000
0.000000
0.000000
0.000000
0.465312
0.586624
0.450099
0.916578
0.022369
0.386559
0.000000
0.000000
0.000000
0.826136
0.171773
0.000000
0.021906
0.591597
0.219375
