0.278328
0.564862
0.000000
0.000000
0.000000
0.505171
0.000000
0.000000
0.000000
0.172770
0.000000
0.484135
0.997962
0.643645
0.363052
0.000000
0.000000
0.731249
0.184687
0.000000
0.000000
0.431480
0.000000
0.300063
0.000000
0.725587
0.477272
0.086860
0.000000
0.486613
0.221722
0.430134
0.000000
0.000000
0.000000
0.650191
0.825087
0.177539
0.622019
0.226491
0.585837
0.394647
0.000000
0.896379
0.000000
0.207309
0.405099
0.618620
0.000000
0.232988
0.656993
0.034441
0.795288
0.000000
0.713353
0.566945
0.662324
0.364067
0.346287
0.000000
0.248415
0.726872
0.833353
0.000000
0.000000
0.263129
0.381800
0.000000
0.845329
0.000000
0.000000
0.000000
0.000000
0.570491
0.000000
0.853805
0.000000
0.131938
0.386609
0.000000
0.476064
0.000000
0.000000
0.000000
0.000000
0.636437
0.061783
0.635712
0.214719
0.408727
0.197070
0.000000
0.000000
0.000000
0.715458
0.940835
0.000000
0.554319
0.976772
0.482365
