0.740205
0.512013
0.993327
0.563515
0.590206
0.278328
0.116365
0.322424
0.027970
0.071106
0.310414
0.550757
0.001963
0.564862
0.594654
0.206161
0.000000
0.000000
0.000000
0.000000
0.000000
0.000000
0.000000
0.000000
0.000000
0.000000
0.000000
0.000000
0.000000
0.000000
0.000000
0.000000
0.000000
0.000000
0.000000
0.000000
0.000000
0.000000
0.000000
0.000000
0.599244
0.800020
0.559638
0.449822
0.735012
0.505171
0.436432
0.190775
0.000000
0.000000
0.000000
0.000000
0.000000
0.000000
0.000000
0.000000
0.000000
0.000000
0.000000
0.000000
0.000000
0.000000
0.000000
0.000000
0.000000
0.000000
0.000000
0.000000
0.000000
0.000000
0.000000
0.000000
0.187365
0.377237
0.353255
0.906021
0.217437
0.172770
0.063698
0.080306
0.000000
0.000000
0.000000
0.000000
0.000000
0.000000
0.000000
0.000000
0.182693
0.164126
0.288654
0.819827
0.107581
0.484135
0.776382
0.210343
0.546418
0.907547
0.944326
0.368624
0.687540
0.997962
0.970251
0.528695
0.760827
0.817781
0.419427
0.942754
0.772402
0.643645
0.696595
0.602459
0.649566
0.711159
0.723975
0.390751
0.589180
0.363052
0.198859
0.755949
0.000000
0.000000
0.000000
0.000000
0.000000
0.000000
0.000000
0.000000
0.000000
0.000000
0.000000
0.000000
0.000000
0.000000
0.000000
0.000000
0.899286
0.092570
0.615345
0.518228
0.412808
0.731249
0.773390
0.125532
0.170674
0.272203
0.685159
0.450146
0.485518
0.184687
0.307182
0.013659
0.000000
0.000000
0.000000
0.000000
0.000000
0.000000
0.000000
0.000000
0.000000
0.000000
0.000000
0.000000
0.000000
0.000000
0.000000
0.000000
0.611056
0.313256
0.094408
0.991798
0.677299
0.431480
0.105763
0.988898
0.000000
0.000000
0.000000
0.000000
0.000000
0.000000
0.000000
0.000000
0.873884
0.450815
0.104724
0.146086
0.295729
0.300063
0.165240
0.359949
0.000000
0.000000
0.000000
0.000000
0.000000
0.000000
0.000000
0.000000
0.858550
0.832907
0.730372
0.013648
0.424701
0.725587
0.322921
0.280051
0.184741
0.106602
0.676827
0.660580
0.796052
0.477272
0.716077
0.870951
0.752948
0.378446
0.853152
0.100471
0.186549
0.086860
0.974935
0.361541
0.000000
0.000000
0.000000
0.000000
0.000000
0.000000
0.000000
0.000000
0.599566
0.603589
0.829312
0.285486
0.026854
0.486613
0.933471
0.251706
0.971141
0.320096
0.429127
0.808972
0.175619
0.221722
0.443475
0.037719
0.083553
0.509439
0.326688
0.613966
0.940597
0.430134
0.365183
0.378071
0.000000
0.000000
0.000000
0.000000
0.000000
0.000000
0.000000
0.000000
0.000000
0.000000
0.000000
0.000000
0.000000
0.000000
0.000000
0.000000
0.000000
0.000000
0.000000
0.000000
0.000000
0.000000
0.000000
0.000000
0.439764
0.810940
0.840356
0.122272
0.159937
0.650191
0.663449
0.733984
0.030348
0.076421
0.144494
0.401210
0.776893
0.825087
0.857027
0.512571
0.696819
0.076650
0.003731
0.724737
0.597883
0.177539
0.126106
0.056987
0.958330
0.767083
0.186007
0.678273
0.450222
0.622019
0.559469
0.051423
0.920229
0.946940
0.727976
0.742728
0.831486
0.226491
0.172826
0.355015
0.984282
0.872841
0.201081
0.977779
0.803813
0.585837
0.026180
0.583034
0.461701
0.358481
0.761755
0.504416
0.225231
0.394647
0.801796
0.805878
0.000000
0.000000
0.000000
0.000000
0.000000
0.000000
0.000000
0.000000
0.883023
0.873282
0.715106
0.147078
0.227368
0.896379
0.523270
0.668926
0.000000
0.000000
0.000000
0.000000
0.000000
0.000000
0.000000
0.000000
0.586194
0.345386
0.009081
0.926488
0.593822
0.207309
0.258449
0.670010
0.003924
0.001967
0.838116
0.510539
0.882541
0.405099
0.614405
0.222378
0.275067
0.569418
0.422240
0.597547
0.959739
0.618620
0.960670
0.736072
0.000000
0.000000
0.000000
0.000000
0.000000
0.000000
0.000000
0.000000
0.226246
0.331907
0.263728
0.104657
0.220083
0.232988
0.690136
0.284136
0.952874
0.239901
0.785510
0.323630
0.058429
0.656993
0.583569
0.450671
0.495259
0.650602
0.693385
0.865445
0.076221
0.034441
0.068258
0.352111
0.894759
0.641334
0.701549
0.048813
0.350631
0.795288
0.230603
0.482435
0.000000
0.000000
0.000000
0.000000
0.000000
0.000000
0.000000
0.000000
0.172642
0.522498
0.339058
0.050555
0.927109
0.713353
0.941796
0.618569
0.143808
0.840751
0.802182
0.353461
0.988804
0.566945
0.874895
0.290655
0.765417
0.625128
0.871435
0.739346
0.875388
0.662324
0.940736
0.850014
0.156723
0.837638
0.673514
0.605245
0.645155
0.364067
0.511796
0.792367
0.492464
0.722845
0.307022
0.714865
0.344816
0.346287
0.278050
0.422915
0.000000
0.000000
0.000000
0.000000
0.000000
0.000000
0.000000
0.000000
0.393438
0.266881
0.190573
0.161720
0.932534
0.248415
0.294381
0.111741
0.341715
0.735176
0.693934
0.432274
0.465140
0.726872
0.656808
0.383365
0.128411
0.054605
0.343239
0.108691
0.787279
0.833353
0.897553
0.472520
0.000000
0.000000
0.000000
0.000000
0.000000
0.000000
0.000000
0.000000
0.000000
0.000000
0.000000
0.000000
0.000000
0.000000
0.000000
0.000000
0.845425
0.503734
0.420460
0.032526
0.099498
0.263129
0.540886
0.530096
0.295827
0.116402
0.107896
0.060276
0.432808
0.381800
0.614055
0.239977
0.000000
0.000000
0.000000
0.000000
0.000000
0.000000
0.000000
0.000000
0.758492
0.375491
0.846178
0.764988
0.937826
0.845329
0.113877
0.074034
0.000000
0.000000
0.000000
0.000000
0.000000
0.000000
0.000000
0.000000
0.000000
0.000000
0.000000
0.000000
0.000000
0.000000
0.000000
0.000000
0.000000
0.000000
0.000000
0.000000
0.000000
0.000000
0.000000
0.000000
0.000000
0.000000
0.000000
0.000000
0.000000
0.000000
0.000000
0.000000
0.016351
0.173166
0.344062
0.674752
0.692411
0.570491
0.972858
0.823546
0.000000
0.000000
0.000000
0.000000
0.000000
0.000000
0.000000
0.000000
0.151580
0.115841
0.149945
0.074510
0.880936
0.853805
0.351863
0.914731
0.000000
0.000000
0.000000
0.000000
0.000000
0.000000
0.000000
0.000000
0.323368
0.672555
0.227526
0.172530
0.314236
0.131938
0.115466
0.079476
0.555363
0.858587
0.424586
0.698576
0.561328
0.386609
0.546888
0.791063
0.000000
0.000000
0.000000
0.000000
0.000000
0.000000
0.000000
0.000000
0.284983
0.578301
0.130301
0.000308
0.334950
0.476064
0.516980
0.425744
0.000000
0.000000
0.000000
0.000000
0.000000
0.000000
0.000000
0.000000
0.000000
0.000000
0.000000
0.000000
0.000000
0.000000
0.000000
0.000000
0.000000
0.000000
0.000000
0.000000
0.000000
0.000000
0.000000
0.000000
0.000000
0.000000
0.000000
0.000000
0.000000
0.000000
0.000000
0.000000
0.465312
0.956743
0.993353
0.755687
0.582018
0.636437
0.933380
0.294811
0.586624
0.257299
0.122714
0.510019
0.041507
0.061783
0.499548
0.613641
0.450099
0.789532
0.102011
0.308498
0.363826
0.635712
0.404002
0.116130
0.916578
0.062009
0.323964
0.540071
0.371226
0.214719
0.201129
0.995885
0.022369
0.254751
0.220226
0.298913
0.882667
0.408727
0.250450
0.435866
0.386559
0.144536
0.617909
0.936421
0.413429
0.197070
0.334639
0.284459
0.000000
0.000000
0.000000
0.000000
0.000000
0.000000
0.000000
0.000000
0.000000
0.000000
0.000000
0.000000
0.000000
0.000000
0.000000
0.000000
0.000000
0.000000
0.000000
0.000000
0.000000
0.000000
0.000000
0.000000
0.826136
0.511830
0.946974
0.175875
0.676165
0.715458
0.481927
0.749632
0.171773
0.117879
0.090846
0.178496
0.239847
0.940835
0.853936
0.639120
0.000000
0.000000
0.000000
0.000000
0.000000
0.000000
0.000000
0.000000
0.021906
0.807766
0.815713
0.344722
0.803483
0.554319
0.544340
0.088196
0.591597
0.666818
0.835854
0.558076
0.550495
0.976772
0.687169
0.684419
0.219375
0.205901
0.755733
0.662339
0.532799
0.482365
0.343414
0.459703
