0.190836
0.592888
0.960562
0.366649
0.680870
0.373705
0.353973
0.361224
0.609533
0.529774
0.042502
0.588115
0.578043
0.084399
0.472768
0.660697
0.527484
0.528281
0.155900
0.545677
0.893158
0.683558
0.551922
0.488400
0.000210
0.721753
0.225690
0.903290
0.049631
0.619220
0.475851
0.215034
0.497872
0.716921
0.206940
0.024057
0.186686
0.011635
0.351199
0.443052
0.231091
0.576964
0.373328
0.702016
0.674290
0.204611
0.125558
0.915331
0.078318
0.089388
0.670571
0.262801
0.898742
0.088792
0.863495
0.648760
0.335816
0.171663
0.285217
0.716835
0.324818
0.984046
0.643627
0.240950
0.865313
0.451840
0.752126
0.839768
0.378813
0.590260
0.292777
0.231620
0.212364
0.847758
0.511437
0.206586
0.900305
0.968555
0.985376
0.425571
0.931567
0.058432
0.158458
0.779616
0.924609
0.120630
0.838101
0.666562
0.302335
0.096478
0.626177
0.095219
0.388807
0.367306
0.492587
0.605967
0.801026
0.661708
0.085510
0.145775
