0.615928
0.568195
0.923878
0.996514
0.241027
0.250699
0.923810
0.218407
0.292131
0.972976
0.987920
0.412581
0.291028
0.415396
0.450496
0.173460
0.699624
0.380924
0.412360
0.939180
0.512879
0.757388
0.680731
0.091106
0.506959
0.938287
0.558009
0.651415
0.765191
0.876101
0.408820
0.147377
0.961667
0.994779
0.198840
0.272974
0.126432
0.148506
0.613019
0.324443
0.356441
0.428678
0.328205
0.728571
0.984312
0.048146
0.346401
0.723722
0.716279
0.914483
0.772925
0.978723
0.964759
0.533750
0.399273
0.526507
0.579421
0.264924
0.762611
0.770069
0.811775
0.470026
0.809422
0.985093
0.819843
0.086036
0.166032
0.606849
0.387156
0.006469
0.463764
0.543873
0.464614
0.491443
0.017378
0.886485
0.767496
0.187821
0.199381
0.336345
0.125648
0.768591
0.785042
0.754014
0.742573
0.779528
0.825965
0.170325
0.235414
0.335113
0.670736
0.217436
0.802181
0.596892
0.858469
0.475874
0.634880
0.394594
0.161514
0.459390
